desc: I1 cache:         32768 B, 64 B, 4-way associative
desc: D1 cache:         32768 B, 64 B, 8-way associative
desc: LL cache:         12582912 B, 64 B, 24-way associative
cmd: ./hadamard2
events: Ir I1mr ILmr Dr D1mr DLmr Dw D1mw DLmw 
fl=/scratch/cb761139/ps_parprog_2024/03/hadamard/hadamard2.c
fn=main
4 3 0 0 0 0 0 1 0 0
5 6 1 1 0 0 0 2 2 1
6 6 0 0 0 0 0 2 1 0
7 5 0 0 0 0 0 1 0 0
8 1 1 1 0 0 0 1 1 0
10 2054 1 1 1538 0 0 1 0 0
11 1051136 0 0 787456 0 0 512 0 0
12 4980736 0 0 2097152 524288 0 262144 262144 0
15 2 0 0 2 0 0 0 0 0
fl=/usr/src/debug/glibc-2.28-225.el8_8.6.x86_64/elf/../elf/dl-sysdep.c
fn=_dl_sysdep_start
88 9 1 1 0 0 0 6 0 0
89 2 0 0 0 0 0 0 0 0
90 2 1 1 1 0 0 0 0 0
112 1 0 0 0 0 0 1 0 0
113 306 1 1 100 13 13 4 2 2
116 2 0 0 0 0 0 1 1 1
117 1 1 1 0 0 0 1 1 1
119 138 4 4 37 5 5 19 0 0
120 112 0 0 17 3 3 0 0 0
123 1 0 0 1 0 0 0 0 0
124 1 0 0 0 0 0 0 0 0
126 1 0 0 1 0 0 0 0 0
127 1 0 0 0 0 0 0 0 0
129 1 1 1 1 0 0 0 0 0
130 2 0 0 0 0 0 0 0 0
132 1 0 0 1 0 0 0 0 0
133 2 0 0 0 0 0 0 0 0
153 1 0 0 1 0 0 0 0 0
154 2 0 0 0 0 0 0 0 0
156 1 0 0 1 0 0 0 0 0
157 2 0 0 0 0 0 0 0 0
159 2 1 1 1 0 0 1 0 0
160 2 0 0 0 0 0 1 0 0
165 2 1 1 1 0 0 1 0 0
166 2 0 0 0 0 0 1 0 0
181 2 1 1 1 0 0 1 0 0
182 2 0 0 0 0 0 1 0 0
224 1 1 1 0 0 0 1 1 1
227 1 0 0 0 0 0 1 0 0
238 3 0 0 1 0 0 0 0 0
239 2 0 0 0 0 0 2 0 0
241 5 1 1 0 0 0 1 0 0
253 3 0 0 1 0 0 0 0 0
256 5 0 0 1 0 0 1 0 0
258 9 1 0 8 2 0 0 0 0
fn=_dl_sysdep_start_cleanup
262 1 1 1 0 0 0 0 0 0
263 1 0 0 1 0 0 0 0 0
fl=/usr/src/debug/glibc-2.28-225.el8_8.6.x86_64/elf/../elf/dl-tls.c
fn=_dl_add_to_slotinfo
1010 8 2 2 0 0 0 4 0 0
1016 1 0 0 1 0 0 0 0 0
1019 1 0 0 1 1 0 0 0 0
1020 1 0 0 0 0 0 0 0 0
1024 3 0 0 1 0 0 0 0 0
1058 2 0 0 0 0 0 0 0 0
1061 3 1 1 0 0 0 1 1 0
1062 3 0 0 1 1 0 1 0 0
1065 6 0 0 5 0 0 0 0 0
fn=_dl_allocate_tls_init
523 10 1 1 0 0 0 8 0 0
524 2 0 0 0 0 0 0 0 0
528 3 1 1 1 0 0 1 0 0
530 2 0 0 0 0 0 0 0 0
531 1 0 0 0 0 0 0 0 0
534 2 0 0 1 1 0 1 0 0
537 3 0 0 2 1 0 0 0 0
549 1 0 0 1 0 0 0 0 0
554 10 1 1 2 0 0 0 0 0
560 4 0 0 0 0 0 0 0 0
563 3 0 0 1 0 0 0 0 0
564 2 0 0 0 0 0 0 0 0
570 3 1 1 2 0 0 0 0 0
571 2 0 0 0 0 0 0 0 0
573 5 0 0 2 0 0 1 0 0
574 1 0 0 0 0 0 1 0 0
576 2 1 1 0 0 0 0 0 0
577 2 0 0 1 0 0 0 0 0
580 2 0 0 0 0 0 0 0 0
581 4 0 0 2 0 0 0 0 0
583 2 0 0 0 0 0 0 0 0
584 3 0 0 1 0 0 0 0 0
593 1 0 0 0 0 0 1 0 0
601 2 0 0 1 0 0 0 0 0
603 9 1 1 2 0 0 2 0 0
615 2 2 2 1 0 0 1 0 0
618 2 0 0 1 0 0 1 0 0
621 9 0 0 8 0 0 0 0 0
fn=_dl_allocate_tls_storage
417 5 1 1 0 0 0 3 0 0
419 1 0 0 1 0 0 0 0 0
430 1 0 0 1 0 0 0 0 0
431 1 0 0 0 0 0 0 0 0
432 3 0 0 0 0 0 0 0 0
440 4 0 0 0 0 0 0 0 0
441 1 1 1 0 0 0 0 0 0
445 297 0 0 0 0 0 289 36 36
464 1 0 0 0 0 0 1 1 1
466 2 1 1 0 0 0 1 0 0
467 2 0 0 0 0 0 0 0 0
470 5 0 0 4 0 0 0 0 0
fn=_dl_assign_tls_modid
127 2 1 1 0 0 0 1 0 0
130 3 0 0 2 0 0 0 0 0
182 1 0 0 0 0 0 0 0 0
184 1 0 0 0 0 0 1 0 0
187 1 1 1 0 0 0 1 0 0
188 2 0 0 2 0 0 0 0 0
fn=_dl_count_modids
193 1 1 1 0 0 0 0 0 0
195 2 0 0 1 0 0 0 0 0
196 2 0 0 2 0 0 0 0 0
fn=_dl_determine_tlsoffset
217 6 1 1 0 0 0 4 0 0
218 2 1 1 0 0 0 0 0 0
219 1 0 0 0 0 0 0 0 0
220 1 0 0 0 0 0 0 0 0
223 3 1 1 1 0 0 0 0 0
226 2 0 0 1 0 0 0 0 0
260 1 0 0 0 0 0 0 0 0
262 10 0 0 2 0 0 0 0 0
264 2 0 0 1 0 0 0 0 0
266 3 0 0 1 0 0 0 0 0
267 2 1 1 1 0 0 0 0 0
269 2 1 1 0 0 0 0 0 0
271 5 0 0 1 0 0 0 0 0
287 8 0 0 0 0 0 0 0 0
289 2 0 0 0 0 0 0 0 0
290 2 0 0 0 0 0 0 0 0
299 1 0 0 0 0 0 1 0 0
302 1 0 0 0 0 0 1 0 0
303 6 1 1 1 0 0 0 0 0
305 2 0 0 0 0 0 1 0 0
355 1 0 0 0 0 0 1 0 0
356 6 1 1 5 0 0 0 0 0
fn=_dl_tls_static_surplus_init
79 3 0 0 0 0 0 0 0 0
93 6 1 1 0 0 0 3 0 0
97 6 0 0 1 0 0 1 0 0
98 7 1 1 1 0 0 1 0 0
104 1 0 0 0 0 0 0 0 0
106 3 0 0 0 0 0 0 0 0
109 1 0 0 0 0 0 0 0 0
111 1 0 0 0 0 0 1 0 0
113 3 0 0 0 0 0 1 0 0
114 5 0 0 4 0 0 0 0 0
fn=allocate_dtv
361 4 1 1 0 0 0 2 0 0
366 1 0 0 1 0 0 0 0 0
370 1 0 0 0 0 0 0 0 0
371 1 0 0 0 0 0 0 0 0
372 2 0 0 0 0 0 0 0 0
375 1 0 0 0 0 0 1 1 1
381 3 1 1 0 0 0 1 0 0
387 4 0 0 3 0 0 0 0 0
fl=/usr/src/debug/glibc-2.28-225.el8_8.6.x86_64/elf/../include/rtld-malloc.h
fn=_dl_allocate_tls_storage
56 1 0 0 1 0 0 1 0 0
fn=_dl_check_map_versions
44 8 1 1 4 0 0 4 0 0
fn=_dl_important_hwcaps
56 4 0 0 2 0 0 3 0 0
fn=_dl_init_paths
56 3 1 1 2 0 0 2 0 0
fn=_dl_map_object_deps
56 8 0 0 4 0 0 4 0 0
fn=_dl_new_object
44 16 1 1 4 0 0 8 0 0
56 9 1 1 3 0 0 3 0 0
fn=allocate_dtv
44 2 0 0 1 0 0 1 0 0
fn=init_tls
44 2 0 0 1 0 0 1 0 0
fn=open_verify.constprop.9
50 9 1 1 3 0 0 3 0 0
fn=rtld_calloc
56 10 0 0 10 0 0 0 0 0
fl=/usr/src/debug/glibc-2.28-225.el8_8.6.x86_64/elf/../include/scratch_buffer.h
fn=_dl_map_object_deps
77 4 0 0 0 0 0 2 0 0
78 1 0 0 0 0 0 1 1 1
85 5 2 2 2 0 0 0 0 0
131 9 0 0 3 0 0 3 0 0
fl=/usr/src/debug/glibc-2.28-225.el8_8.6.x86_64/elf/../misc/sbrk.c
fn=sbrk
32 5 1 1 0 0 0 2 0 0
40 6 0 0 2 1 1 0 0 0
44 2 0 0 0 0 0 0 0 0
60 5 1 1 3 0 0 0 0 0
fl=/usr/src/debug/glibc-2.28-225.el8_8.6.x86_64/elf/../sysdeps/generic/dl-cache.h
fn=_dl_load_cache_lookup
185 5 0 0 0 0 0 0 0 0
fn=search_cache
116 10 1 1 0 0 0 0 0 0
fl=/usr/src/debug/glibc-2.28-225.el8_8.6.x86_64/elf/../sysdeps/generic/dl-hash.h
fn=__rtld_malloc_init_real
43 1 0 0 0 0 0 0 0 0
44 1 0 0 0 0 0 0 0 0
45 28 0 0 5 1 1 0 0 0
48 18 0 0 0 0 0 0 0 0
62 24 0 0 0 0 0 0 0 0
67 1 1 1 0 0 0 0 0 0
72 1 0 0 0 0 0 1 0 0
fl=/usr/src/debug/glibc-2.28-225.el8_8.6.x86_64/elf/../sysdeps/generic/ldsodefs.h
fn=_dl_relocate_object
126 369 1 1 123 0 0 0 0 0
fn=do_lookup_x
126 342 1 1 114 0 0 0 0 0
fl=/usr/src/debug/glibc-2.28-225.el8_8.6.x86_64/elf/../sysdeps/posix/dl-fileid.h
fn=_dl_map_object_from_fd
35 18 0 0 0 0 0 3 0 0
38 3 0 0 3 0 0 0 0 0
39 6 0 0 3 1 1 3 0 0
47 24 1 1 12 1 1 0 0 0
fl=/usr/src/debug/glibc-2.28-225.el8_8.6.x86_64/elf/../sysdeps/unix/sysv/linux/dl-osinfo.h
fn=dl_main
64 2 0 0 1 0 0 0 0 0
77 1 0 0 1 0 0 0 0 0
fl=/usr/src/debug/glibc-2.28-225.el8_8.6.x86_64/elf/../sysdeps/unix/sysv/linux/dl-sysdep.c
fn=_dl_discover_osversion
46 5 1 1 0 0 0 3 0 0
48 3 0 0 1 0 0 0 0 0
88 5 1 1 0 0 0 1 1 1
103 1 0 0 0 0 0 0 0 0
107 1 0 0 0 0 0 0 0 0
108 1 0 0 0 0 0 0 0 0
110 12 0 0 3 1 1 0 0 0
112 6 0 0 0 0 0 0 0 0
114 16 0 0 4 0 0 0 0 0
116 1 0 0 0 0 0 0 0 0
117 2 0 0 0 0 0 0 0 0
120 3 0 0 0 0 0 0 0 0
121 3 1 1 0 0 0 0 0 0
122 3 0 0 0 0 0 0 0 0
124 13 0 0 0 0 0 0 0 0
129 2 1 1 0 0 0 0 0 0
133 5 1 1 4 0 0 0 0 0
fn=_dl_sysdep_start
36 2 0 0 0 0 0 1 0 0
fl=/usr/src/debug/glibc-2.28-225.el8_8.6.x86_64/elf/../sysdeps/unix/sysv/linux/x86/cpu-features.c
fn=init_cpu_features.constprop.0
28 6 1 1 0 0 0 0 0 0
fl=/usr/src/debug/glibc-2.28-225.el8_8.6.x86_64/elf/../sysdeps/unix/sysv/linux/x86_64/brk.c
fn=brk
28 1 1 1 0 0 0 0 0 0
31 5 1 1 0 0 0 1 1 1
33 2 0 0 0 0 0 0 0 0
39 1 0 0 0 0 0 0 0 0
40 1 0 0 1 0 0 0 0 0
fl=/usr/src/debug/glibc-2.28-225.el8_8.6.x86_64/elf/../sysdeps/x86/cpu-features.c
fn=get_common_indices.constprop.1
321 3 1 1 0 0 0 1 0 0
328 5 0 0 0 0 0 3 1 1
332 1 0 0 0 0 0 1 0 0
333 4 0 0 0 0 0 1 0 0
334 4 0 0 0 0 0 1 0 0
335 4 1 1 0 0 0 1 0 0
336 3 0 0 0 0 0 1 0 0
337 2 0 0 1 0 0 0 0 0
344 2 0 0 1 0 0 0 0 0
346 9 0 0 0 0 0 4 0 0
351 8 1 1 0 0 0 4 2 2
358 2 0 0 1 0 0 0 0 0
371 2 1 1 2 0 0 0 0 0
fn=init_cpu_features.constprop.0
299 4 0 0 0 0 0 0 0 0
300 2 0 0 0 0 0 0 0 0
301 6 1 1 0 0 0 4 1 1
306 2 0 0 0 0 0 0 0 0
307 6 1 1 0 0 0 4 0 0
312 2 0 0 0 0 0 0 0 0
313 6 0 0 0 0 0 4 0 0
386 3 1 1 0 0 0 2 0 0
389 1 0 0 0 0 0 1 0 0
390 1 1 1 0 0 0 1 0 0
391 1 0 0 0 0 0 1 0 0
402 3 0 0 0 0 0 1 0 0
405 6 0 0 0 0 0 0 0 0
409 3 0 0 0 0 0 1 0 0
411 6 1 1 0 0 0 1 0 0
416 1 0 0 0 0 0 1 0 0
418 3 0 0 1 0 0 0 0 0
420 3 1 1 2 0 0 1 0 0
421 8 0 0 2 1 1 0 0 0
490 2 1 1 1 0 0 0 0 0
500 5 0 0 0 0 0 0 0 0
525 5 1 1 1 0 0 0 0 0
629 3 1 1 1 0 0 0 0 0
630 1 0 0 1 0 0 0 0 0
633 2 0 0 0 0 0 0 0 0
634 1 0 0 1 0 0 0 0 0
640 1 0 0 0 0 0 1 0 0
641 1 0 0 0 0 0 1 0 0
642 1 1 1 0 0 0 1 0 0
643 1 0 0 0 0 0 1 0 0
646 4 0 0 0 0 0 1 0 0
648 6 0 0 1 0 0 2 1 1
650 6 0 0 1 0 0 2 0 0
652 6 1 1 1 0 0 2 0 0
654 6 1 1 1 0 0 2 0 0
656 6 0 0 1 0 0 2 0 0
660 3 0 0 1 0 0 0 0 0
663 1 1 1 0 0 0 0 0 0
667 1 0 0 1 0 0 0 0 0
672 1 0 0 0 0 0 0 0 0
677 1 0 0 0 0 0 1 0 0
686 2 0 0 0 0 0 1 0 0
697 2 0 0 1 0 0 0 0 0
703 1 1 1 1 0 0 0 0 0
707 1 0 0 1 0 0 0 0 0
709 1 0 0 1 0 0 0 0 0
721 1 0 0 0 0 0 1 0 0
722 2 1 1 1 0 0 0 0 0
726 3 1 1 1 0 0 0 0 0
743 2 1 1 0 0 0 0 0 0
768 4 0 0 0 0 0 1 0 0
770 4 0 0 0 0 0 1 0 0
820 4 0 0 3 0 0 0 0 0
fn=update_usable.constprop.2
50 7 1 1 0 0 0 6 1 1
54 1 0 0 1 0 0 0 0 0
62 3 1 1 1 0 0 0 0 0
63 3 0 0 0 0 0 0 0 0
72 3 0 0 2 0 0 0 0 0
73 1 0 0 1 0 0 0 0 0
82 4 1 1 1 0 0 1 0 0
83 1 0 0 1 0 0 0 0 0
84 3 0 0 0 0 0 1 1 1
88 4 0 0 0 0 0 1 0 0
91 4 0 0 1 0 0 1 0 0
92 1 0 0 1 0 0 0 0 0
94 4 0 0 1 0 0 1 0 0
95 1 0 0 1 0 0 0 0 0
99 4 1 1 1 0 0 1 0 0
100 3 0 0 2 0 0 0 0 0
101 3 0 0 2 0 0 0 0 0
102 1 0 0 1 0 0 0 0 0
104 4 1 1 1 0 0 1 0 0
107 2 0 0 0 0 0 0 0 0
283 3 1 1 1 0 0 0 0 0
287 3 1 1 1 0 0 0 0 0
293 8 0 0 7 0 0 0 0 0
fl=/usr/src/debug/glibc-2.28-225.el8_8.6.x86_64/elf/../sysdeps/x86/dl-cet.c
fn=_dl_cet_check
245 1 1 0 0 0 0 0 0 0
246 1 0 0 0 0 0 0 0 0
fn=dl_cet_check
39 7 1 1 0 0 0 6 0 0
41 2 0 0 0 0 0 0 0 0
42 1 0 0 1 0 0 0 0 0
44 1 0 0 0 0 0 0 0 0
45 1 0 0 0 0 0 0 0 0
48 4 1 1 0 0 0 0 0 0
49 2 0 0 0 0 0 0 0 0
54 1 0 0 1 0 0 0 0 0
59 2 0 0 0 0 0 0 0 0
228 8 1 1 7 0 0 0 0 0
fl=/usr/src/debug/glibc-2.28-225.el8_8.6.x86_64/elf/../sysdeps/x86/dl-get-cpu-features.c
fn=__x86_cpu_features
38 3 0 0 1 0 0 0 0 0
42 3 1 1 1 0 0 0 0 0
fn=_dl_x86_init_cpu_features
36 1 1 1 0 0 0 0 0 0
38 3 0 0 1 0 0 0 0 0
39 1 0 0 0 0 0 0 0 0
fl=/usr/src/debug/glibc-2.28-225.el8_8.6.x86_64/elf/../sysdeps/x86/dl-hwcap.h
fn=_dl_important_hwcaps
57 6 1 1 1 0 0 0 0 0
fl=/usr/src/debug/glibc-2.28-225.el8_8.6.x86_64/elf/../sysdeps/x86/dl-procinfo.h
fn=search_cache
39 4 0 0 0 0 0 0 0 0
42 26 1 1 0 0 0 6 0 0
fl=/usr/src/debug/glibc-2.28-225.el8_8.6.x86_64/elf/../sysdeps/x86/dl-prop.h
fn=_dl_process_pt_note
53 12 2 2 6 0 0 0 0 0
59 12 0 0 6 0 0 0 0 0
62 3 0 0 0 0 0 0 0 0
67 24 0 0 0 0 0 0 0 0
70 9 1 1 3 0 0 0 0 0
71 6 0 0 3 0 0 0 0 0
72 6 0 0 3 0 0 0 0 0
76 9 2 1 3 0 0 0 0 0
80 9 0 0 0 0 0 3 0 0
83 9 0 0 3 0 0 0 0 0
84 6 0 0 0 0 0 0 0 0
88 3 0 0 0 0 0 0 0 0
89 6 0 0 0 0 0 0 0 0
93 6 2 2 3 0 0 0 0 0
94 3 0 0 3 0 0 0 0 0
97 6 0 0 0 0 0 0 0 0
100 3 0 0 0 0 0 0 0 0
101 12 0 0 0 0 0 0 0 0
106 6 0 0 0 0 0 0 0 0
113 6 1 0 0 0 0 0 0 0
116 6 0 0 3 0 0 3 0 0
120 3 0 0 0 0 0 0 0 0
136 3 0 0 0 0 0 0 0 0
137 15 0 0 0 0 0 0 0 0
142 15 0 0 3 0 0 0 0 0
143 3 0 0 3 0 0 0 0 0
144 6 0 0 0 0 0 0 0 0
145 6 0 0 3 0 0 0 0 0
153 60 1 1 0 0 0 36 2 2
156 11 0 0 0 0 0 3 0 0
157 6 0 0 6 1 1 0 0 0
159 24 0 0 12 0 0 0 0 0
160 1 0 0 0 0 0 0 0 0
163 4 0 0 0 0 0 0 0 0
164 32 3 3 2 2 2 0 0 0
170 8 0 0 0 0 0 4 1 1
171 14 0 0 2 0 0 2 0 0
180 6 0 0 0 0 0 0 0 0
183 6 1 1 0 0 0 0 0 0
184 50 0 0 42 0 0 0 0 0
fn=dl_main
33 3 0 0 1 0 0 1 0 0
59 4 1 1 2 1 1 0 0 0
fl=/usr/src/debug/glibc-2.28-225.el8_8.6.x86_64/elf/../sysdeps/x86_64/dl-hwcaps-subdirs.c
fn=_dl_hwcaps_subdirs_active
27 1 1 1 0 0 0 0 0 0
33 8 1 1 1 0 0 0 0 0
34 4 0 0 1 0 0 0 0 0
40 1 0 0 0 0 0 0 0 0
44 2 0 0 0 0 0 0 0 0
53 1 0 0 0 0 0 0 0 0
66 1 1 1 1 0 0 0 0 0
fl=/usr/src/debug/glibc-2.28-225.el8_8.6.x86_64/elf/../sysdeps/x86_64/dl-irel.h
fn=_dl_fixup
32 1 1 1 0 0 0 1 0 0
fl=/usr/src/debug/glibc-2.28-225.el8_8.6.x86_64/elf/../sysdeps/x86_64/dl-machine.h
fn=_dl_fixup
239 2 0 0 0 0 0 2 0 0
fn=_dl_relocate_object
76 11 0 0 2 0 0 0 0 0
82 4 0 0 4 1 0 0 0 0
86 6 1 1 2 2 1 0 0 0
92 2 0 0 0 0 0 2 0 0
100 6 0 0 2 0 0 0 0 0
120 4 0 0 2 0 0 0 0 0
127 8 0 0 0 0 0 2 0 0
274 280 0 0 0 0 0 0 0 0
295 280 0 0 0 0 0 0 0 0
299 280 1 1 0 0 0 0 0 0
306 6309 9 9 1298 101 83 966 4 0
307 1384 6 6 627 1 0 0 0 0
310 582 1 1 0 0 0 0 0 0
312 384 0 0 0 0 0 0 0 0
331 840 1 1 140 3 3 0 0 0
427 57 1 1 19 0 0 0 0 0
431 76 0 0 19 1 0 0 0 0
436 57 0 0 38 3 3 0 0 0
445 76 1 1 38 0 0 19 8 8
455 357 0 0 236 15 14 121 20 17
456 121 0 0 121 0 0 0 0 0
479 10 0 0 0 0 0 0 0 0
489 12 1 1 0 0 0 4 0 0
512 132 1 1 132 1 1 0 0 0
513 66 0 0 0 0 0 66 0 0
514 66 0 0 0 0 0 66 2 2
533 3657 0 0 1219 152 152 0 0 0
538 2438 0 0 0 0 0 0 0 0
539 3657 1 1 1219 153 153 1219 227 224
549 8 0 0 4 0 0 0 0 0
553 8 0 0 0 0 0 0 0 0
556 12 0 0 4 0 0 0 0 0
557 4 0 0 4 0 0 0 0 0
561 25 0 0 20 1 0 0 0 0
fn=_dl_start
58 3 0 0 1 1 1 0 0 0
271 6 0 0 0 0 0 0 0 0
299 12 1 1 0 0 0 0 0 0
307 60 0 0 24 5 5 0 0 0
310 12 0 0 0 0 0 0 0 0
331 34 0 0 5 1 1 0 0 0
351 10 1 1 5 1 1 5 0 0
352 5 0 0 0 0 0 0 0 0
419 1 0 0 0 0 0 0 0 0
538 96 0 0 48 6 6 0 0 0
539 144 0 0 48 6 6 48 27 27
fn=_dl_sysdep_start
225 1 0 0 0 0 0 1 0 0
fl=/usr/src/debug/glibc-2.28-225.el8_8.6.x86_64/elf/../sysdeps/x86_64/dl-runtime.h
fn=_dl_fixup
28 2 0 0 0 0 0 0 0 0
fl=/usr/src/debug/glibc-2.28-225.el8_8.6.x86_64/elf/../sysdeps/x86_64/dl-trampoline.h
fn=_dl_runtime_resolve_fxsave
67 2 1 1 0 0 0 0 0 0
72 2 0 0 0 0 0 2 0 0
75 2 0 0 0 0 0 0 0 0
77 2 0 0 0 0 0 0 0 0
80 2 0 0 0 0 0 0 0 0
93 2 0 0 0 0 0 2 1 1
94 2 0 0 0 0 0 2 0 0
95 2 0 0 0 0 0 2 0 0
96 2 0 0 0 0 0 2 0 0
97 2 0 0 0 0 0 2 1 1
98 2 0 0 0 0 0 2 0 0
99 2 1 1 0 0 0 2 0 0
101 2 0 0 0 0 0 36 5 5
124 2 0 0 2 0 0 0 0 0
125 2 0 0 2 0 0 0 0 0
126 2 0 0 0 0 0 2 0 0
127 2 0 0 0 0 0 0 0 0
130 2 0 0 36 0 0 0 0 0
136 2 0 0 2 0 0 0 0 0
137 2 0 0 2 0 0 0 0 0
138 2 0 0 2 0 0 0 0 0
139 2 0 0 2 0 0 0 0 0
140 2 0 0 2 0 0 0 0 0
141 2 0 0 2 0 0 0 0 0
142 2 1 1 2 0 0 0 0 0
144 2 0 0 0 0 0 0 0 0
146 2 0 0 2 0 0 0 0 0
150 2 0 0 0 0 0 0 0 0
153 2 0 0 0 0 0 0 0 0
fl=/usr/src/debug/glibc-2.28-225.el8_8.6.x86_64/elf/./dl-hwcaps.h
fn=_dl_important_hwcaps
54 4 0 0 1 0 0 2 0 0
56 5 1 1 2 0 0 2 0 0
88 2 0 0 1 0 0 1 0 0
89 3 0 0 1 0 0 1 0 0
fn=copy_hwcaps.isra.1
54 2 0 0 0 0 0 2 0 0
56 4 1 1 0 0 0 2 0 0
88 2 0 0 0 0 0 2 0 0
89 4 0 0 0 0 0 2 0 0
fn=update_hwcaps_counts
54 2 0 0 0 0 0 2 1 1
56 4 0 0 0 0 0 2 0 0
88 2 0 0 0 0 0 2 0 0
89 4 0 0 0 0 0 2 0 0
fl=/usr/src/debug/glibc-2.28-225.el8_8.6.x86_64/elf/./dl-load.h
fn=_dl_map_object_from_fd
90 12 0 0 6 0 0 0 0 0
91 9 0 0 6 0 0 3 0 0
93 12 0 0 6 0 0 0 0 0
94 8 1 1 4 0 0 0 0 0
95 12 1 1 4 0 0 0 0 0
96 8 0 0 2 0 0 0 0 0
98 8 0 0 0 0 0 2 0 0
fl=/usr/src/debug/glibc-2.28-225.el8_8.6.x86_64/elf/./dl-main.h
fn=dl_main
109 5 1 1 4 0 0 1 0 0
fl=/usr/src/debug/glibc-2.28-225.el8_8.6.x86_64/elf/./dl-map-segments.h
fn=_dl_map_object_from_fd
50 6 0 0 3 0 0 0 0 0
56 24 1 1 9 0 0 9 0 0
60 9 0 0 3 0 0 0 0 0
63 9 0 0 3 0 0 3 0 0
64 6 0 0 0 0 0 3 0 0
66 6 0 0 3 0 0 0 0 0
73 42 2 2 15 0 0 6 0 0
80 6 0 0 6 0 0 0 0 0
90 30 0 0 6 0 0 0 0 0
92 18 0 0 9 0 0 3 0 0
94 36 1 1 15 0 0 6 0 0
104 24 1 1 12 0 0 0 0 0
110 6 0 0 3 0 0 0 0 0
111 3 0 0 0 0 0 0 0 0
112 9 0 0 3 0 0 0 0 0
113 6 0 0 0 0 0 0 0 0
115 6 0 0 0 0 0 0 0 0
120 6 0 0 0 0 0 0 0 0
123 6 0 0 3 0 0 0 0 0
131 24 1 1 0 0 0 12 0 0
132 9 0 0 9 0 0 0 0 0
137 6 0 0 0 0 0 0 0 0
141 9 1 1 1 0 0 2 0 0
144 3 0 0 1 0 0 0 0 0
149 6 1 1 0 0 0 0 0 0
fl=/usr/src/debug/glibc-2.28-225.el8_8.6.x86_64/elf/./dl-sym-post.h
fn=lookup_malloc_symbol
41 8 0 0 0 0 0 0 0 0
53 12 0 0 4 0 0 0 0 0
60 4 0 0 4 0 0 0 0 0
fl=/usr/src/debug/glibc-2.28-225.el8_8.6.x86_64/elf/dl-audit.c
fn=_dl_audit_activity_map
29 6 1 1 0 0 0 4 0 0
30 1 0 0 1 0 0 0 0 0
31 3 1 1 1 0 0 0 0 0
37 6 1 1 5 0 0 0 0 0
fn=_dl_audit_activity_nsid
41 18 1 0 0 0 0 12 0 0
45 12 1 1 3 0 0 0 0 0
47 9 0 0 3 1 0 0 0 0
51 18 0 0 15 0 0 0 0 0
fn=_dl_audit_objclose
97 5 1 1 0 0 0 0 0 0
98 20 0 0 10 0 0 0 0 0
fn=_dl_audit_objopen
77 3 2 1 0 0 0 0 0 0
78 12 0 0 6 0 0 0 0 0
fn=_dl_audit_preinit
118 1 1 1 0 0 0 0 0 0
119 4 0 0 2 0 0 0 0 0
fl=/usr/src/debug/glibc-2.28-225.el8_8.6.x86_64/elf/dl-cache.c
fn=_dl_cache_libcmp
360 23 1 1 0 0 0 0 0 0
361 460 1 1 230 21 21 0 0 0
363 452 0 0 0 0 0 0 0 0
365 4 0 0 0 0 0 0 0 0
371 6 0 0 0 0 0 0 0 0
372 6 0 0 0 0 0 0 0 0
373 8 0 0 2 0 0 0 0 0
375 8 1 1 2 0 0 0 0 0
377 4 0 0 0 0 0 0 0 0
383 222 0 0 0 0 0 0 0 0
385 222 0 0 0 0 0 0 0 0
386 42 0 0 21 0 0 0 0 0
389 90 0 0 0 0 0 0 0 0
390 90 0 0 0 0 0 0 0 0
393 6 0 0 2 0 0 0 0 0
fn=_dl_load_cache_lookup
406 12 1 1 0 0 0 4 0 0
408 4 1 1 2 0 0 0 0 0
411 6 0 0 2 0 0 0 0 0
414 6 1 1 0 0 0 2 0 0
422 6 1 1 2 0 0 0 0 0
423 8 0 0 3 1 1 0 0 0
426 7 1 1 0 0 0 0 0 0
427 1 0 0 1 0 0 0 0 0
429 1 0 0 1 0 0 0 0 0
434 1 1 1 0 0 0 1 0 0
435 2 1 1 0 0 0 1 0 0
480 3 0 0 1 0 0 0 0 0
485 6 0 0 2 0 0 0 0 0
488 10 1 1 2 0 0 2 0 0
503 4 0 0 2 0 0 0 0 0
507 4 0 0 0 0 0 0 0 0
515 36 3 3 2 0 0 2 0 0
516 8 0 0 0 0 0 2 0 0
517 4 0 0 0 0 0 2 0 0
518 6 0 0 6 0 0 0 0 0
fn=_dl_unload_cache
527 2 1 1 0 0 0 0 0 0
528 4 1 1 1 1 0 0 0 0
530 2 0 0 1 1 0 1 0 0
531 1 0 0 0 0 0 1 0 0
535 1 0 0 0 0 0 1 0 0
537 2 0 0 1 0 0 0 0 0
fn=search_cache
190 25 0 0 0 0 0 0 0 0
202 26 2 2 0 0 0 20 0 0
204 2 0 0 2 0 0 0 0 0
207 14 0 0 2 0 0 6 0 0
209 18 1 1 4 0 0 6 0 0
210 6 0 0 2 0 0 0 0 0
212 14 1 1 4 0 0 2 0 0
219 42 0 0 0 0 0 0 0 0
221 42 0 0 0 0 0 0 0 0
222 46 0 0 25 17 17 0 0 0
226 42 0 0 0 0 0 0 0 0
230 63 0 0 0 0 0 21 0 0
231 42 0 0 0 0 0 0 0 0
239 4 0 0 0 0 0 0 0 0
241 8 1 1 4 0 0 0 0 0
244 22 0 0 4 0 0 2 0 0
246 20 2 2 4 0 0 2 0 0
258 4 1 1 0 0 0 0 0 0
268 4 1 1 2 0 0 0 0 0
269 6 0 0 2 0 0 0 0 0
271 4 0 0 2 0 0 0 0 0
278 4 1 1 2 0 0 0 0 0
286 2 0 0 2 0 0 0 0 0
296 8 0 0 2 0 0 0 0 0
298 6 1 1 2 0 0 0 0 0
299 4 0 0 2 0 0 0 0 0
303 6 0 0 0 0 0 0 0 0
311 4 0 0 0 0 0 0 0 0
332 4 0 0 2 0 0 2 0 0
335 10 0 0 2 0 0 0 0 0
349 19 1 1 0 0 0 0 0 0
350 13 0 0 0 0 0 0 0 0
352 6 0 0 0 0 0 0 0 0
356 20 0 0 18 0 0 0 0 0
fl=/usr/src/debug/glibc-2.28-225.el8_8.6.x86_64/elf/dl-call-libc-early-init.c
fn=_dl_call_libc_early_init
27 4 1 1 0 0 0 2 0 0
29 2 0 0 0 0 0 0 0 0
33 7 1 1 0 0 0 1 0 0
37 2 0 0 0 0 0 0 0 0
39 4 0 0 3 0 0 0 0 0
40 2 0 0 0 0 0 0 0 0
41 3 0 0 2 0 0 0 0 0
fl=/usr/src/debug/glibc-2.28-225.el8_8.6.x86_64/elf/dl-debug.c
fn=_dl_debug_initialize
46 5 2 1 0 0 0 0 0 0
49 10 0 0 0 0 0 0 0 0
50 5 2 1 5 0 0 0 0 0
54 18 1 0 5 1 0 0 0 0
57 1 0 0 0 0 0 1 0 0
58 7 0 0 4 0 0 1 0 0
59 5 1 1 1 0 0 1 0 0
60 2 0 0 0 0 0 1 0 0
64 1 0 0 1 0 0 0 0 0
fn=_dl_debug_state
73 2 0 0 0 0 0 0 0 0
74 2 0 0 2 0 0 0 0 0
fl=/usr/src/debug/glibc-2.28-225.el8_8.6.x86_64/elf/dl-deps.c
fn=_dl_map_object_deps
144 4 0 0 0 0 0 2 0 0
145 2 0 0 0 0 0 2 1 1
146 7 1 1 0 0 0 2 0 0
148 3 0 0 0 0 0 1 0 0
152 8 0 0 2 0 0 2 0 0
159 12 2 2 0 0 0 8 1 1
160 20 2 2 1 1 1 0 0 0
176 11 1 1 1 0 0 1 0 0
177 1 0 0 1 0 0 0 0 0
180 2 0 0 1 0 0 1 0 0
198 2 1 1 1 0 0 1 0 0
199 2 0 0 0 0 0 1 0 0
200 2 1 1 0 0 0 2 0 0
202 12 0 0 8 0 0 0 0 0
206 5 0 0 0 0 0 0 0 0
209 10 0 0 5 0 0 5 0 0
213 20 1 1 5 0 0 5 0 0
214 32 2 2 14 0 0 0 0 0
217 9 0 0 0 0 0 0 0 0
221 9 1 1 3 0 0 3 0 0
224 18 0 0 9 1 1 0 0 0
226 9 2 1 6 0 0 3 0 0
231 3 0 0 0 0 0 3 0 0
232 3 0 0 0 0 0 3 0 0
233 6 0 0 3 0 0 3 0 0
234 6 1 1 3 0 0 3 0 0
237 338 1 1 89 2 0 3 0 0
238 163 0 0 0 0 0 0 0 0
244 45 2 2 10 0 0 5 0 0
246 5 0 0 0 0 0 5 0 0
248 20 2 2 10 0 0 5 0 0
249 10 0 0 5 0 0 0 0 0
258 5 0 0 5 0 0 0 0 0
260 10 0 0 5 0 0 0 0 0
265 21 1 1 3 0 0 0 0 0
268 3 0 0 0 0 0 3 0 0
269 3 0 0 0 0 0 3 0 0
270 3 0 0 0 0 0 3 0 0
271 6 1 1 3 0 0 3 0 0
273 3 0 0 3 0 0 0 0 0
275 15 0 0 3 0 0 6 0 0
279 15 0 0 5 0 0 0 0 0
280 9 0 0 0 0 0 3 0 0
282 225 0 0 0 0 0 0 0 0
287 3 0 0 0 0 0 2 0 0
303 8 0 0 0 0 0 4 1 1
380 8 1 1 0 0 0 4 0 0
433 15 1 1 5 0 0 0 0 0
435 9 0 0 0 0 0 3 1 1
438 6 0 0 0 0 0 0 0 0
439 6 0 0 0 0 0 0 0 0
445 3 0 0 0 0 0 3 1 1
446 15 0 0 3 0 0 3 0 0
447 15 0 0 0 0 0 3 0 0
450 3 0 0 0 0 0 3 0 0
451 3 0 0 3 0 0 0 0 0
455 20 1 1 10 0 0 0 0 0
457 5 1 1 5 0 0 0 0 0
458 24 0 0 6 0 0 0 0 0
464 6 0 0 2 0 0 0 0 0
465 1 0 0 0 0 0 1 0 0
468 4 0 0 1 0 0 1 0 0
479 3 1 1 1 0 0 0 0 0
481 2 0 0 0 0 0 0 0 0
486 4 0 0 1 0 0 1 0 0
487 1 0 0 0 0 0 1 0 0
488 2 1 1 1 0 0 0 0 0
490 18 0 0 5 0 0 1 0 0
494 15 0 0 5 0 0 0 0 0
498 10 1 1 0 0 0 0 0 0
500 25 0 0 10 0 0 5 1 1
505 5 0 0 5 0 0 0 0 0
508 2 0 0 1 0 0 0 0 0
560 3 1 1 1 0 0 0 0 0
597 3 1 1 1 0 0 0 0 0
598 5 1 1 1 0 0 0 0 0
612 3 1 1 0 0 0 1 0 0
617 8 1 1 1 0 0 1 0 0
618 4 1 1 2 0 0 0 0 0
622 1 0 0 0 0 0 1 0 0
624 1 0 0 0 0 0 1 0 0
625 1 0 0 1 0 0 0 0 0
626 2 1 1 0 0 0 0 0 0
633 3 0 0 1 0 0 0 0 0
636 3 0 0 1 0 0 0 0 0
639 8 0 0 7 0 0 0 0 0
fn=openaux
61 15 1 1 0 0 0 5 0 0
64 50 0 0 20 0 0 10 0 0
65 10 0 0 5 0 0 0 0 0
68 5 0 0 5 0 0 0 0 0
69 10 0 0 10 0 0 0 0 0
fl=/usr/src/debug/glibc-2.28-225.el8_8.6.x86_64/elf/dl-environ.c
fn=_dl_next_ld_env_entry
28 2 1 1 0 0 0 0 0 0
29 2 0 0 2 0 0 0 0 0
32 298 0 0 99 0 0 0 0 0
34 196 0 0 98 0 0 0 0 0
35 14 0 0 7 0 0 0 0 0
37 1 0 0 0 0 0 0 0 0
40 2 0 0 0 0 0 1 0 0
42 1 1 1 1 0 0 0 0 0
45 97 0 0 0 0 0 0 0 0
49 1 0 0 1 0 0 0 0 0
fl=/usr/src/debug/glibc-2.28-225.el8_8.6.x86_64/elf/dl-error-skeleton.c
fn=_dl_catch_error
225 8 1 1 0 0 0 3 0 0
227 4 0 0 0 0 0 1 0 0
228 2 0 0 1 0 0 1 0 0
229 2 0 0 1 0 0 1 0 0
230 2 1 1 1 0 0 1 0 0
232 5 0 0 4 0 0 0 0 0
fn=_dl_catch_exception
175 48 2 2 6 0 0 30 3 3
178 12 0 0 0 0 0 0 0 0
199 12 0 0 6 0 0 6 1 1
200 12 0 0 0 0 0 6 0 0
203 12 0 0 0 0 0 6 0 0
206 42 0 0 0 0 0 6 0 0
208 18 1 1 12 0 0 6 0 0
209 12 0 0 6 0 0 6 0 0
210 24 0 0 6 0 0 12 0 0
219 24 0 0 12 0 0 0 0 0
fn=_dl_receive_error
238 4 0 0 0 0 0 2 0 0
239 1 0 0 1 0 0 0 0 0
240 1 0 0 1 0 0 0 0 0
243 1 1 1 0 0 0 1 0 0
244 1 0 0 0 0 0 1 0 0
246 2 0 0 0 0 0 1 0 0
248 1 0 0 0 0 0 1 0 0
249 1 0 0 0 0 0 1 0 0
250 4 0 0 3 0 0 0 0 0
fl=/usr/src/debug/glibc-2.28-225.el8_8.6.x86_64/elf/dl-fini.c
fn=_dl_fini
30 9 1 1 0 0 0 6 0 0
47 6 1 1 0 0 0 1 0 0
50 7 0 0 1 1 0 0 0 0
53 2 1 1 1 1 0 1 0 0
55 1 0 0 1 1 0 0 0 0
58 2 0 0 0 0 0 0 0 0
60 6 0 0 3 1 0 0 0 0
65 1 0 0 0 0 0 1 0 0
67 3 0 0 0 0 0 1 0 0
72 17 3 3 1 0 0 0 0 0
77 19 0 0 6 1 0 0 0 0
79 10 0 0 5 5 0 0 0 0
81 10 0 0 0 0 0 0 0 0
83 10 0 0 0 0 0 5 0 0
84 5 0 0 0 0 0 5 5 0
85 5 1 1 0 0 0 0 0 0
89 5 0 0 5 4 0 0 0 0
91 6 0 0 0 0 0 0 0 0
92 6 0 0 0 0 0 0 0 0
98 6 1 1 0 0 0 2 0 0
107 2 0 0 1 0 0 1 0 0
112 22 0 0 6 0 0 1 0 0
114 5 1 1 5 0 0 0 0 0
116 15 0 0 5 0 0 0 0 0
119 10 0 0 0 0 0 5 0 0
122 15 0 0 5 5 0 0 0 0
123 6 1 1 2 2 0 0 0 0
126 6 0 0 3 1 0 0 0 0
137 12 0 0 6 3 0 3 0 0
138 3 1 1 3 1 0 0 0 0
139 6 0 0 3 0 0 0 0 0
140 24 0 0 6 3 0 0 0 0
141 3 0 0 3 3 0 3 0 0
145 6 1 1 0 0 0 0 0 0
146 9 0 0 6 2 0 3 0 0
152 10 0 0 0 0 0 5 0 0
157 5 0 0 5 0 0 0 0 0
161 5 0 0 1 0 0 1 0 0
167 6 1 1 2 0 0 0 0 0
173 2 0 0 1 0 0 0 0 0
180 8 0 0 7 0 0 0 0 0
fl=/usr/src/debug/glibc-2.28-225.el8_8.6.x86_64/elf/dl-hwcaps.c
fn=_dl_important_hwcaps
100 3 0 0 0 0 0 1 1 1
102 2 0 0 0 0 0 0 0 0
105 1 0 0 0 0 0 1 0 0
108 1 0 0 0 0 0 0 0 0
112 4 1 1 0 0 0 1 0 0
125 8 1 1 0 0 0 2 0 0
127 5 0 0 2 0 0 1 1 1
128 2 0 0 1 0 0 1 0 0
129 2 0 0 0 0 0 1 0 0
130 1 0 0 0 0 0 0 0 0
133 2 0 0 0 0 0 0 0 0
142 4 1 1 1 0 0 1 0 0
172 15 2 2 0 0 0 10 1 1
173 7 0 0 1 0 0 2 1 1
175 2 0 0 1 0 0 1 0 0
176 4 0 0 1 0 0 1 0 0
184 3 1 1 0 0 0 2 0 0
185 3 0 0 0 0 0 2 0 0
186 6 0 0 0 0 0 1 0 0
187 5 1 1 0 0 0 1 0 0
189 1 0 0 1 0 0 0 0 0
195 1 0 0 1 0 0 0 0 0
196 7 2 2 2 0 0 2 0 0
200 19 1 1 3 0 0 0 0 0
201 7 0 0 2 0 0 2 1 1
202 2 0 0 0 0 0 0 0 0
208 17 2 2 1 0 0 2 0 0
209 2 0 0 0 0 0 0 0 0
210 11 1 1 3 0 0 2 0 0
211 4 0 0 2 0 0 2 1 1
213 1 0 0 0 0 0 1 0 0
214 2 0 0 0 0 0 2 0 0
215 5 0 0 0 0 0 0 0 0
216 2 0 0 0 0 0 0 0 0
218 3 0 0 1 0 0 0 0 0
220 2 1 1 0 0 0 1 0 0
221 2 0 0 1 0 0 1 0 0
222 3 0 0 0 0 0 0 0 0
225 5 0 0 0 0 0 1 0 0
226 1 0 0 0 0 0 1 0 0
229 2 0 0 1 0 0 0 0 0
233 5 1 1 1 0 0 1 0 0
234 1 0 0 0 0 0 0 0 0
237 3 0 0 1 0 0 0 0 0
238 2 0 0 0 0 0 0 0 0
240 3 0 0 0 0 0 0 0 0
241 3 0 0 0 0 0 0 0 0
242 5 1 1 1 0 0 0 0 0
243 2 0 0 0 0 0 0 0 0
247 1 1 1 0 0 0 0 0 0
250 2 0 0 0 0 0 0 0 0
254 11 1 1 2 0 0 3 1 1
261 3 0 0 1 0 0 0 0 0
262 2 0 0 0 0 0 0 0 0
269 1 0 0 0 0 0 1 0 0
270 4 1 1 1 0 0 1 0 0
271 8 0 0 2 0 0 1 0 0
272 6 1 1 3 0 0 1 0 0
275 1 0 0 1 0 0 0 0 0
276 1 0 0 1 0 0 0 0 0
283 2 0 0 0 0 0 0 0 0
285 1 0 0 0 0 0 1 0 0
307 2 0 0 0 0 0 1 0 0
310 15 1 1 2 0 0 4 0 0
317 2 0 0 2 0 0 0 0 0
320 2 0 0 0 0 0 0 0 0
323 10 0 0 4 0 0 4 0 0
326 11 1 1 3 0 0 0 0 0
327 23 1 1 2 0 0 4 0 0
328 7 1 1 2 0 0 2 0 0
331 10 0 0 2 0 0 4 0 0
333 6 0 0 2 0 0 0 0 0
338 25 0 0 0 0 0 0 0 0
339 24 1 1 0 0 0 8 1 1
343 18 1 1 1 0 0 0 0 0
346 36 0 0 0 0 0 0 0 0
347 96 0 0 0 0 0 0 0 0
348 48 0 0 24 0 0 12 0 0
350 9 1 1 0 0 0 0 0 0
353 3 0 0 1 0 0 0 0 0
354 2 0 0 0 0 0 0 0 0
355 14 0 0 1 0 0 0 0 0
357 6 1 1 0 0 0 0 0 0
358 2 0 0 2 0 0 0 0 0
360 1 0 0 1 0 0 0 0 0
361 4 0 0 0 0 0 2 0 0
368 19 1 1 6 0 0 4 0 0
369 4 0 0 0 0 0 0 0 0
371 8 0 0 0 0 0 0 0 0
374 2 0 0 2 0 0 0 0 0
375 4 0 0 1 0 0 1 0 0
380 9 0 0 8 0 0 0 0 0
fn=copy_hwcaps.isra.1
72 14 0 0 0 0 0 8 0 0
77 12 1 1 0 0 0 3 0 0
79 3 0 0 2 0 0 1 0 0
80 9 0 0 2 0 0 4 1 1
84 1 0 0 0 0 0 1 0 0
85 1 0 0 1 0 0 0 0 0
86 3 0 0 1 0 0 1 0 0
87 2 0 0 0 0 0 1 0 0
88 2 0 0 0 0 0 1 0 0
90 12 0 0 10 0 0 0 0 0
fn=update_hwcaps_counts
49 8 1 1 0 0 0 4 0 0
52 12 1 1 0 0 0 3 0 0
54 1 0 0 1 0 0 0 0 0
55 2 0 0 2 0 0 0 0 0
56 2 0 0 1 0 0 0 0 0
57 2 0 0 0 0 0 1 0 0
59 8 0 0 6 0 0 0 0 0
fl=/usr/src/debug/glibc-2.28-225.el8_8.6.x86_64/elf/dl-hwcaps_split.c
fn=_dl_hwcaps_contains
66 3 1 1 0 0 0 0 0 0
67 6 0 0 0 0 0 0 0 0
68 3 0 0 0 0 0 0 0 0
77 3 0 0 3 0 0 0 0 0
fn=_dl_hwcaps_split
25 1 0 0 0 0 0 0 0 0
26 3 0 0 1 0 0 0 0 0
47 2 0 0 1 0 0 0 0 0
fn=_dl_hwcaps_split.part.1
24 36 0 0 0 0 0 24 0 0
34 84 0 0 30 1 1 0 0 0
35 12 0 0 0 0 0 6 0 0
36 33 1 1 0 0 0 0 0 0
37 12 0 0 0 0 0 0 0 0
41 27 0 0 0 0 0 9 1 1
42 18 0 0 0 0 0 0 0 0
43 9 0 0 0 0 0 6 0 0
45 12 0 0 0 0 0 6 0 0
46 9 1 1 0 0 0 0 0 0
47 48 0 0 36 0 0 0 0 0
fn=_dl_hwcaps_split_masked
26 42 0 0 14 0 0 0 0 0
30 36 0 0 12 0 0 12 0 0
34 12 0 0 0 0 0 12 0 0
51 24 1 1 0 0 0 8 0 0
54 24 0 0 0 0 0 0 0 0
55 5 1 1 0 0 0 0 0 0
56 9 0 0 9 0 0 0 0 0
57 27 0 0 0 0 0 9 0 0
58 36 0 0 9 0 0 3 0 0
62 16 0 0 16 0 0 0 0 0
fl=/usr/src/debug/glibc-2.28-225.el8_8.6.x86_64/elf/dl-init.c
fn=_dl_init
30 25 1 1 6 0 0 1 0 0
79 12 1 1 0 0 0 6 0 0
80 1 1 1 1 1 0 0 0 0
81 1 0 0 1 0 0 0 0 0
84 3 0 0 1 0 0 0 0 0
87 2 0 0 0 0 0 1 0 0
92 2 0 0 0 0 0 0 0 0
117 1 0 0 1 0 0 0 0 0
118 22 0 0 0 0 0 4 0 0
119 15 1 1 10 0 0 0 0 0
122 2 0 0 0 0 0 1 0 0
123 8 0 0 7 0 0 0 0 0
fn=call_init.part.0
28 32 0 0 0 0 0 20 0 0
36 15 1 1 5 0 0 5 0 0
39 20 0 0 10 3 0 0 0 0
40 3 1 1 1 0 0 0 0 0
44 16 0 0 4 3 0 0 0 0
45 3 0 0 1 0 0 0 0 0
49 6 1 1 3 0 0 0 0 0
58 21 0 0 9 5 0 3 0 0
62 6 0 0 0 0 0 0 0 0
68 9 0 0 6 1 0 0 0 0
70 6 0 0 6 1 0 0 0 0
71 24 1 1 0 0 0 0 0 0
72 12 0 0 3 0 0 3 0 0
74 24 0 0 24 0 0 0 0 0
fl=/usr/src/debug/glibc-2.28-225.el8_8.6.x86_64/elf/dl-load.c
fn=_dl_dst_count
236 36 1 1 0 0 0 30 1 1
239 12 0 0 0 0 0 6 0 0
242 12 0 0 0 0 0 0 0 0
243 6 0 0 0 0 0 0 0 0
262 42 0 0 36 0 0 0 0 0
fn=_dl_init_paths
688 11 1 1 0 0 0 5 0 0
702 4 0 0 0 0 0 2 0 0
707 1 0 0 0 0 0 1 0 0
709 2 0 0 0 0 0 0 0 0
716 5 1 1 0 0 0 0 0 0
717 2 0 0 1 0 0 0 0 0
721 4 0 0 0 0 0 1 0 0
723 4 0 0 2 0 0 0 0 0
729 1 0 0 0 0 0 1 0 0
730 1 0 0 0 0 0 1 0 0
738 3 0 0 0 0 0 2 0 0
740 3 0 0 0 0 0 2 1 1
741 2 0 0 0 0 0 2 0 0
743 4 1 1 0 0 0 2 0 0
744 2 1 1 0 0 0 2 0 0
749 61 1 1 1 0 0 0 0 0
750 18 0 0 0 0 0 18 2 2
752 4 0 0 0 0 0 2 0 0
758 1 1 1 0 0 0 1 1 1
759 1 0 0 0 0 0 1 0 0
764 1 0 0 1 0 0 0 0 0
767 3 0 0 0 0 0 0 0 0
769 4 0 0 1 0 0 0 0 0
771 3 0 0 1 0 0 0 0 0
788 2 0 0 0 0 0 1 0 0
790 3 1 1 1 0 0 0 0 0
804 2 1 1 0 0 0 1 0 0
807 2 1 1 0 0 0 0 0 0
838 1 1 1 0 0 0 1 0 0
839 7 0 0 6 0 0 0 0 0
fn=_dl_map_object
664 18 3 3 6 0 0 0 0 0
1931 60 1 1 0 0 0 48 4 4
1933 3 1 1 0 0 0 3 0 0
1939 12 0 0 0 0 0 0 0 0
1940 24 1 1 6 0 0 0 0 0
1943 105 0 0 21 0 0 6 0 0
1948 126 1 1 36 0 0 0 0 0
1950 90 0 0 0 0 0 18 0 0
1954 30 0 0 15 0 0 0 0 0
1955 45 1 1 15 0 0 0 0 0
1958 6 0 0 6 0 0 0 0 0
1959 18 0 0 12 0 0 0 0 0
1960 30 0 0 0 0 0 6 0 0
1974 30 0 0 6 0 0 6 0 0
1983 9 0 0 3 0 0 0 0 0
1998 3 0 0 0 0 0 3 2 2
2000 15 0 0 0 0 0 3 0 0
2004 8 1 1 0 0 0 4 0 0
2006 4 0 0 2 0 0 0 0 0
2013 8 1 1 2 0 0 0 0 0
2017 6 1 1 2 0 0 2 0 0
2018 2 0 0 0 0 0 0 0 0
2022 6 0 0 2 0 0 0 0 0
2023 2 0 0 0 0 0 0 0 0
2025 20 0 0 0 0 0 10 0 0
2037 4 0 0 0 0 0 0 0 0
2038 22 1 1 4 0 0 2 0 0
2039 2 0 0 0 0 0 0 0 0
2048 4 1 1 0 0 0 0 0 0
2063 4 1 1 2 0 0 0 0 0
2070 4 2 2 0 0 0 0 0 0
2071 2 0 0 0 0 0 0 0 0
2079 2 0 0 0 0 0 2 0 0
2093 4 0 0 0 0 0 0 0 0
2095 6 0 0 2 0 0 0 0 0
2099 6 0 0 0 0 0 2 0 0
2101 4 0 0 0 0 0 0 0 0
2105 4 1 1 0 0 0 0 0 0
2113 6 0 0 2 0 0 0 0 0
2136 18 0 0 0 0 0 4 0 0
2140 6 1 1 2 0 0 0 0 0
2141 4 0 0 0 0 0 2 0 0
2154 6 1 1 4 0 0 0 0 0
2158 4 1 1 2 0 0 0 0 0
2164 1 0 0 0 0 0 1 0 0
2165 3 1 1 0 0 0 1 0 0
2166 2 0 0 0 0 0 0 0 0
2167 3 0 0 0 0 0 0 0 0
2171 9 0 0 0 0 0 2 0 0
2174 3 1 1 1 0 0 0 0 0
2186 12 0 0 3 0 0 0 0 0
2188 8 0 0 0 0 0 0 0 0
2232 6 0 0 3 0 0 3 0 0
2233 45 1 1 9 0 0 15 0 0
2235 57 1 1 45 0 0 0 0 0
fn=_dl_map_object_from_fd
877 45 1 1 0 0 0 30 2 2
887 12 1 1 3 0 0 6 2 2
904 54 1 1 21 0 0 0 0 0
905 18 0 0 9 0 0 0 0 0
922 6 1 1 3 0 0 0 0 0
950 12 0 0 3 0 0 3 0 0
960 6 0 0 3 0 0 0 0 0
982 24 1 1 15 0 0 3 0 0
983 6 0 0 0 0 0 0 0 0
994 6 0 0 3 0 0 3 2 2
995 12 1 1 6 0 0 6 0 0
996 6 0 0 3 0 0 3 0 0
998 9 0 0 0 0 0 0 0 0
999 12 0 0 6 0 0 0 0 0
1000 3 0 0 0 0 0 0 0 0
1015 3 0 0 0 0 0 3 0 0
1017 3 0 0 0 0 0 3 0 0
1019 57 2 2 6 0 0 6 0 0
1020 3 0 0 0 0 0 0 0 0
1021 3 0 0 0 0 0 3 0 0
1027 228 0 0 30 0 0 0 0 0
1028 251 2 2 30 3 3 0 0 0
1034 6 1 1 3 0 0 0 0 0
1039 6 0 0 3 0 0 3 0 0
1040 18 0 0 6 0 0 3 0 0
1045 2 0 0 1 0 0 1 0 0
1046 1 0 0 0 0 0 0 0 0
1051 30 2 2 12 0 0 0 0 0
1056 42 0 0 12 0 0 0 0 0
1063 24 0 0 12 0 0 0 0 0
1074 12 0 0 0 0 0 0 0 0
1075 36 1 1 0 0 0 6 4 4
1076 24 0 0 0 0 0 6 0 0
1077 6 0 0 0 0 0 6 1 1
1078 18 0 0 12 0 0 6 0 0
1079 12 0 0 0 0 0 6 1 1
1083 12 1 1 0 0 0 0 0 0
1084 18 0 0 9 0 0 3 0 0
1088 12 0 0 0 0 0 0 0 0
1089 48 1 1 12 0 0 6 0 0
1099 6 0 0 0 0 0 0 0 0
1102 3 0 0 1 0 0 0 0 0
1106 1 0 0 0 0 0 1 1 1
1107 2 0 0 1 0 0 1 0 0
1108 3 0 0 1 0 0 0 0 0
1111 3 1 1 0 0 0 1 0 0
1112 2 0 0 1 0 0 1 0 0
1115 1 0 0 0 0 0 1 0 0
1120 4 0 0 1 0 0 0 0 0
1127 18 1 1 3 0 0 6 0 0
1135 6 0 0 3 0 0 3 0 0
1136 3 0 0 0 0 0 0 0 0
1139 6 1 1 3 0 0 3 1 1
1140 6 0 0 3 0 0 3 0 0
1141 3 0 0 0 0 0 0 0 0
1144 42 0 0 6 0 0 6 1 1
1152 6 1 1 0 0 0 0 0 0
1165 6 0 0 0 0 0 0 0 0
1175 30 1 1 12 0 0 6 0 0
1187 12 1 1 6 0 0 0 0 0
1196 9 0 0 3 0 0 3 0 0
1203 6 1 1 0 0 0 0 0 0
1204 6 0 0 0 0 0 0 0 0
1224 9 0 0 3 0 0 0 0 0
1243 6 1 1 3 0 0 3 0 0
1245 15 0 0 6 0 0 0 0 0
1293 9 0 0 3 2 2 0 0 0
1294 2 0 0 1 0 0 1 0 0
1297 12 1 1 3 0 0 3 0 0
1306 6 0 0 3 0 0 0 0 0
1308 12 0 0 6 0 0 3 0 0
1310 6 0 0 3 0 0 0 0 0
1326 6 0 0 0 0 0 3 0 0
1330 6 1 1 3 0 0 0 0 0
1331 6 0 0 3 0 0 0 0 0
1348 6 0 0 3 0 0 0 0 0
1349 1 0 0 0 0 0 1 0 0
1352 9 0 0 3 0 0 6 0 0
1357 6 1 1 3 0 0 0 0 0
1367 6 0 0 3 0 0 0 0 0
1374 24 0 0 9 0 0 0 0 0
1375 9 2 1 3 0 0 0 0 0
1376 29 0 0 30 3 3 0 0 0
1377 4 1 1 4 0 0 0 0 0
1378 2 0 0 0 0 0 1 0 0
1384 6 1 1 3 0 0 0 0 0
1385 4 0 0 1 0 0 0 0 0
1390 2 0 0 0 0 0 1 0 0
1397 9 0 0 3 0 0 3 0 0
1400 12 0 0 6 0 0 0 0 0
1419 6 0 0 0 0 0 0 0 0
1423 21 1 1 9 0 0 0 0 0
1424 12 0 0 3 0 0 3 0 0
1428 27 0 0 21 0 0 0 0 0
fn=expand_dynamic_string_token
383 7 1 1 0 0 0 4 0 0
393 2 0 0 0 0 0 1 1 1
396 2 0 0 0 0 0 0 0 0
397 2 0 0 0 0 0 0 0 0
408 5 1 1 4 0 0 0 0 0
fn=open_verify.constprop.9
1481 36 1 1 0 0 0 21 0 0
1520 9 0 0 3 0 0 0 0 0
1539 15 0 0 0 0 0 3 1 1
1541 6 1 1 0 0 0 0 0 0
1546 18 1 1 0 0 0 3 0 0
1552 3 0 0 0 0 0 3 0 0
1553 9 0 0 0 0 0 3 1 1
1554 3 0 0 0 0 0 3 0 0
1558 21 0 0 3 0 0 3 0 0
1560 6 1 1 0 0 0 0 0 0
1562 6 0 0 3 0 0 3 0 0
1564 6 0 0 0 0 0 0 0 0
1570 6 0 0 0 0 0 0 0 0
1586 54 4 4 29 3 3 0 0 0
1645 6 0 0 3 0 0 0 0 0
1650 6 0 0 3 0 0 0 0 0
1652 12 0 0 3 0 0 0 0 0
1658 6 0 0 3 1 1 0 0 0
1664 15 1 1 3 0 0 0 0 0
1665 12 0 0 3 0 0 0 0 0
1666 6 0 0 3 0 0 0 0 0
1687 114 0 0 0 0 0 0 0 0
1688 62 1 1 27 10 10 0 0 0
1701 12 0 0 0 0 0 0 0 0
1704 16 0 0 8 0 0 0 0 0
1705 13 1 1 5 0 0 0 0 0
1710 2 0 0 0 0 0 0 0 0
1711 16 2 2 1 0 0 0 0 0
1721 6 0 0 0 0 0 4 0 0
1722 10 0 0 4 0 0 1 0 0
1729 36 0 0 24 5 5 0 0 0
1731 4 0 0 0 0 0 0 0 0
1732 48 2 2 8 0 0 0 0 0
1735 12 0 0 0 0 0 0 0 0
1740 2 0 0 0 0 0 0 0 0
1741 6 0 0 0 0 0 0 0 0
1744 4 1 1 0 0 0 0 0 0
1747 4 0 0 2 0 0 0 0 0
1748 8 0 0 2 0 0 0 0 0
1749 2 0 0 2 0 0 0 0 0
1750 8 0 0 2 0 0 0 0 0
1751 6 0 0 2 0 0 0 0 0
1765 27 0 0 21 0 0 0 0 0
fl=/usr/src/debug/glibc-2.28-225.el8_8.6.x86_64/elf/dl-lookup-direct.c
fn=_dl_lookup_direct
74 13 1 1 1 0 0 7 0 0
75 1 0 0 1 0 0 0 0 0
76 2 1 1 0 0 0 0 0 0
78 6 0 0 2 1 0 0 0 0
79 2 0 0 0 0 0 0 0 0
81 4 0 0 1 0 0 1 0 0
84 5 0 0 1 1 1 0 0 0
86 3 0 0 1 0 0 0 0 0
87 6 1 1 1 0 0 1 0 0
90 2 0 0 0 0 0 0 0 0
115 1 0 0 0 0 0 0 0 0
116 9 0 0 7 0 0 0 0 0
fn=check_match
31 5 1 1 0 0 0 5 0 0
32 1 0 0 1 0 0 0 0 0
33 4 0 0 1 0 0 0 0 0
35 2 0 0 1 1 1 0 0 0
36 2 0 0 1 0 0 0 0 0
48 4 1 1 1 0 0 1 0 0
51 1 0 0 1 0 0 0 0 0
53 8 0 0 2 0 0 1 0 0
57 2 0 0 2 1 1 0 0 0
58 6 1 1 2 0 0 0 0 0
59 3 0 0 1 0 0 1 0 0
61 3 0 0 0 0 0 0 0 0
64 7 0 0 6 0 0 0 0 0
fl=/usr/src/debug/glibc-2.28-225.el8_8.6.x86_64/elf/dl-lookup.c
fn=_dl_lookup_symbol_x
575 252 0 0 0 0 0 0 0 0
576 7690 0 0 1891 113 106 0 0 0
577 7060 1 1 0 0 0 0 0 0
592 228 1 1 0 0 0 0 0 0
835 1764 1 1 0 0 0 1008 4 2
837 252 0 0 0 0 0 126 2 1
838 252 0 0 0 0 0 252 0 0
841 126 0 0 126 2 0 0 0 0
845 474 1 1 111 0 0 0 0 0
847 1008 1 1 252 0 0 378 0 0
848 630 0 0 504 3 0 0 0 0
854 324 0 0 24 0 0 0 0 0
855 2130 1 1 744 0 0 882 2 1
860 252 0 0 126 0 0 0 0 0
862 72 1 1 12 0 0 0 0 0
879 12 1 1 0 0 0 12 0 0
880 24 0 0 0 0 0 0 0 0
884 896 1 1 224 0 0 0 0 0
924 456 0 0 114 0 0 0 0 0
938 342 0 0 114 2 1 0 0 0
939 2 1 1 0 0 0 1 0 0
941 342 1 1 114 0 0 0 0 0
946 228 0 0 114 0 0 114 0 0
948 1134 0 0 882 0 0 0 0 0
fn=_dl_setup_hash
955 5 1 1 0 0 0 0 0 0
958 15 0 0 5 0 0 0 0 0
960 5 0 0 5 0 0 0 0 0
962 10 0 0 5 5 5 5 1 1
963 5 0 0 5 0 0 0 0 0
964 5 0 0 5 1 1 0 0 0
966 15 0 0 0 0 0 0 0 0
967 5 1 1 0 0 0 5 0 0
968 15 0 0 5 0 0 5 0 0
970 5 0 0 0 0 0 5 0 0
971 10 0 0 0 0 0 0 0 0
973 5 0 0 0 0 0 5 0 0
975 15 0 0 0 0 0 5 0 0
980 5 0 0 5 0 0 0 0 0
fn=check_match
69 1026 1 1 342 29 26 456 0 0
72 798 1 1 114 8 8 0 0 0
77 114 0 0 0 0 0 0 0 0
85 912 0 0 114 0 0 114 3 2
88 428 0 0 80 0 0 40 1 1
92 114 1 1 114 0 0 0 0 0
93 228 0 0 0 0 0 0 0 0
95 222 0 0 0 0 0 0 0 0
114 222 0 0 222 13 7 0 0 0
115 888 1 1 333 3 0 0 0 0
116 555 1 1 222 1 0 111 1 1
143 6 0 0 0 0 0 0 0 0
145 18 1 1 6 2 1 0 0 0
146 12 0 0 0 0 0 0 0 0
161 684 0 0 570 0 0 0 0 0
fn=do_lookup_x
288 684 2 2 456 0 0 0 0 0
319 45 2 2 36 0 0 0 0 0
362 1764 2 2 378 0 0 1260 6 5
363 126 0 0 126 2 0 0 0 0
368 126 0 0 0 0 0 0 0 0
369 126 0 0 126 0 0 0 0 0
373 1052 1 1 1052 7 0 0 0 0
376 1052 0 0 0 0 0 0 0 0
380 2104 1 1 0 0 0 526 0 0
384 1052 0 0 526 5 0 0 0 0
388 1052 0 0 526 1 0 0 0 0
394 1578 0 0 526 4 0 0 0 0
398 526 0 0 0 0 0 526 0 0
399 526 1 1 0 0 0 526 0 0
402 1578 0 0 1052 16 0 526 0 0
403 1578 0 0 1052 5 0 526 0 0
406 526 0 0 526 0 0 0 0 0
407 1052 0 0 0 0 0 0 0 0
409 526 0 0 526 68 48 0 0 0
410 378 0 0 0 0 0 126 0 0
411 1052 0 0 1052 0 0 0 0 0
414 2630 0 0 1052 0 0 0 0 0
417 3682 0 0 0 0 0 0 0 0
420 248 0 0 248 62 54 0 0 0
421 372 1 1 0 0 0 0 0 0
422 248 0 0 0 0 0 0 0 0
424 246 0 0 123 0 0 0 0 0
427 1190 1 1 238 86 73 0 0 0
429 342 0 0 114 0 0 0 0 0
430 2826 2 2 684 0 0 1176 2 2
431 228 0 0 0 0 0 0 0 0
434 342 0 0 0 0 0 0 0 0
437 372 0 0 0 0 0 0 0 0
445 630 0 0 0 0 0 126 0 0
468 18 1 1 9 0 0 0 0 0
476 228 1 1 114 0 0 0 0 0
527 228 0 0 0 0 0 0 0 0
530 852 0 0 114 0 0 0 0 0
534 45 2 2 15 1 0 0 0 0
546 228 0 0 114 0 0 114 0 0
547 114 0 0 0 0 0 114 0 0
548 114 0 0 0 0 0 0 0 0
565 1236 0 0 0 0 0 0 0 0
568 12 0 0 0 0 0 0 0 0
569 1008 0 0 882 0 0 0 0 0
fl=/usr/src/debug/glibc-2.28-225.el8_8.6.x86_64/elf/dl-minimal.c
fn=__rtld_malloc_init_real
89 8 1 1 0 0 0 5 0 0
99 2 1 1 0 0 0 1 0 0
100 2 0 0 0 0 0 1 0 0
102 1 0 0 0 0 0 1 0 0
104 6 0 0 0 0 0 1 0 0
105 5 0 0 0 0 0 1 0 0
106 5 1 1 0 0 0 1 0 0
107 4 0 0 0 0 0 1 0 0
112 1 0 0 0 0 0 1 1 0
113 1 0 0 0 0 0 1 0 0
114 1 0 0 0 0 0 1 1 0
115 1 0 0 0 0 0 1 0 0
116 7 1 1 6 0 0 0 0 0
fn=__rtld_malloc_init_stubs
55 1 1 1 0 0 0 0 0 0
56 2 1 1 0 0 0 1 1 1
57 2 0 0 0 0 0 1 0 0
58 2 0 0 0 0 0 1 1 1
59 2 0 0 0 0 0 1 0 0
60 1 0 0 1 0 0 0 0 0
fn=lookup_malloc_symbol
74 28 1 1 0 0 0 12 0 0
76 4 0 0 0 0 0 4 0 0
77 32 0 0 4 0 0 12 0 0
81 28 1 1 16 0 0 0 0 0
82 24 0 0 12 0 0 0 0 0
84 4 0 0 0 0 0 4 0 0
85 20 0 0 16 0 0 0 0 0
fn=rtld_calloc
171 20 1 1 0 0 0 0 0 0
175 10 0 0 0 0 0 0 0 0
178 20 0 0 0 0 0 0 0 0
179 30 0 0 0 0 0 0 0 0
fn=rtld_free
188 3 0 0 0 0 0 0 0 0
190 12 0 0 6 0 0 0 0 0
fn=rtld_malloc
128 31 1 1 0 0 0 4 0 0
129 99 0 0 49 0 0 0 0 0
134 5 0 0 1 0 0 1 0 0
135 2 1 1 1 0 0 0 0 0
136 2 1 1 0 0 0 0 0 0
140 75 0 0 0 0 0 25 0 0
143 167 1 1 0 0 0 0 0 0
148 8 0 0 2 0 0 0 0 0
149 8 0 0 0 0 0 0 0 0
151 4 0 0 0 0 0 0 0 0
152 14 1 1 0 0 0 2 0 0
154 4 0 0 0 0 0 0 0 0
156 6 0 0 2 0 0 0 0 0
158 6 0 0 0 0 0 2 0 0
161 25 0 0 0 0 0 25 0 0
162 25 0 0 0 0 0 25 0 0
164 56 0 0 29 0 0 0 0 0
fl=/usr/src/debug/glibc-2.28-225.el8_8.6.x86_64/elf/dl-misc.c
fn=_dl_name_match_p
340 216 1 1 0 0 0 72 1 1
341 144 1 1 36 0 0 36 0 0
342 43 0 0 0 0 0 0 0 0
344 36 0 0 36 0 0 0 0 0
346 146 0 0 0 0 0 0 0 0
347 220 0 0 44 0 0 44 0 0
350 37 0 0 37 0 0 0 0 0
352 29 0 0 0 0 0 0 0 0
353 180 1 1 108 0 0 0 0 0
fn=_dl_sysdep_read_whole_file
44 9 1 1 0 0 0 4 1 1
47 3 1 1 0 0 0 1 1 1
48 2 0 0 0 0 0 0 0 0
50 7 1 1 0 0 0 1 0 0
52 2 0 0 1 1 1 1 0 0
55 2 0 0 0 0 0 0 0 0
57 8 1 1 0 0 0 1 0 0
68 3 0 0 0 0 0 1 0 0
71 7 0 0 5 0 0 0 0 0
fl=/usr/src/debug/glibc-2.28-225.el8_8.6.x86_64/elf/dl-object.c
fn=_dl_add_to_namespace_list
31 24 2 1 0 0 0 12 0 0
33 12 1 1 4 0 0 4 0 0
35 31 0 0 4 0 0 0 0 0
38 27 0 0 9 0 0 0 0 0
40 3 0 0 0 0 0 3 0 0
42 3 0 0 0 0 0 3 0 0
45 2 0 0 0 0 0 1 0 0
46 12 1 1 4 0 0 0 0 0
47 8 0 0 4 0 0 4 0 0
48 8 0 0 0 0 0 4 0 0
50 8 0 0 4 0 0 0 0 0
51 12 0 0 12 0 0 0 0 0
fn=_dl_new_object
59 60 1 1 0 0 0 36 5 5
62 8 1 1 0 0 0 0 0 0
64 2 1 1 0 0 0 0 0 0
66 3 1 1 1 0 0 0 0 0
67 6 0 0 0 0 0 0 0 0
71 2 0 0 0 0 0 0 0 0
77 1 1 1 0 0 0 0 0 0
80 28 0 0 3 0 0 7 0 0
95 8 0 0 0 0 0 0 0 0
98 4 0 0 0 0 0 4 4 4
99 12 0 0 4 0 0 4 4 4
103 8 0 0 0 0 0 4 1 1
104 28 1 1 8 0 0 12 2 2
106 4 0 0 0 0 0 4 0 0
119 21 0 0 14 0 0 0 0 0
125 1 0 0 0 0 0 0 0 0
127 28 1 1 8 4 4 8 0 0
130 8 0 0 4 0 0 0 0 0
131 11 1 1 0 0 0 4 4 4
132 4 0 0 0 0 0 4 0 0
136 4 0 0 0 0 0 4 0 0
139 61 0 0 0 0 0 0 0 0
141 16 1 1 0 0 0 16 4 4
149 8 0 0 0 0 0 4 1 1
150 4 0 0 0 0 0 4 4 4
153 1 1 1 0 0 0 0 0 0
155 24 1 1 4 1 1 0 0 0
157 9 0 0 0 0 0 3 1 1
160 10 0 0 0 0 0 0 0 0
164 9 0 0 3 0 0 0 0 0
168 15 0 0 0 0 0 0 0 0
170 1 0 0 0 0 0 0 0 0
176 1 1 1 0 0 0 1 1 1
179 8 0 0 0 0 0 4 0 0
189 16 0 0 8 0 0 0 0 0
191 12 0 0 0 0 0 6 0 0
195 9 0 0 0 0 0 0 0 0
200 9 0 0 0 0 0 0 0 0
208 3 0 0 0 0 0 0 0 0
212 3 0 0 0 0 0 0 0 0
245 62 0 0 6 0 0 3 0 0
250 53 0 0 0 0 0 0 0 0
251 106 0 0 53 0 0 0 0 0
253 6 0 0 0 0 0 0 0 0
256 3 0 0 0 0 0 3 0 0
259 3 0 0 0 0 0 3 1 1
263 36 1 1 28 0 0 0 0 0
fl=/usr/src/debug/glibc-2.28-225.el8_8.6.x86_64/elf/dl-reloc.c
fn=_dl_protect_relro
348 10 1 1 0 0 0 5 0 0
349 30 1 1 15 1 0 0 0 0
352 15 0 0 5 0 0 0 0 0
356 10 0 0 0 0 0 0 0 0
357 35 0 0 0 0 0 5 0 0
363 10 1 1 10 0 0 0 0 0
fn=_dl_relocate_object
167 65 2 2 0 0 0 40 0 0
177 4 0 0 0 0 0 0 0 0
178 30 1 1 0 0 0 15 0 0
181 10 0 0 0 0 0 5 0 0
183 15 0 0 0 0 0 0 0 0
185 5 0 0 5 0 0 0 0 0
186 15 1 1 5 0 0 0 0 0
205 10 1 1 5 0 0 0 0 0
211 25 0 0 10 0 0 0 0 0
212 10 1 1 5 4 0 0 0 0
213 3 0 0 0 0 0 0 0 0
215 10 2 2 0 0 0 0 0 0
222 20 0 0 5 1 0 5 0 0
266 15 0 0 10 0 0 5 0 0
294 213 5 5 84 15 0 43 0 0
297 30 0 0 10 0 0 0 0 0
321 5 0 0 5 0 0 0 0 0
324 10 0 0 5 0 0 0 0 0
341 10 0 0 5 4 0 0 0 0
342 10 1 1 0 0 0 5 0 0
343 40 0 0 35 1 0 0 0 0
fl=/usr/src/debug/glibc-2.28-225.el8_8.6.x86_64/elf/dl-runtime.c
fn=_dl_fixup
45 14 1 1 0 0 0 8 1 1
47 2 0 0 2 0 0 0 0 0
48 4 0 0 4 1 0 0 0 0
53 2 0 0 2 0 0 0 0 0
54 6 0 0 2 1 0 0 0 0
55 14 1 1 4 2 0 2 0 0
57 6 0 0 4 0 0 0 0 0
62 4 0 0 0 0 0 0 0 0
66 4 0 0 2 1 0 0 0 0
68 4 0 0 1 0 0 0 0 0
70 6 0 0 2 1 0 0 0 0
74 2 0 0 2 0 0 0 0 0
75 4 1 1 1 0 0 0 0 0
83 2 0 0 0 0 0 0 0 0
84 6 0 0 2 0 0 0 0 0
94 20 1 1 4 1 0 6 0 0
98 10 0 0 6 0 0 0 0 0
108 20 1 1 8 1 0 2 0 0
123 8 0 0 2 0 0 0 0 0
124 2 0 0 0 0 0 1 0 0
132 6 0 0 2 1 0 0 0 0
149 4 1 1 2 0 0 0 0 0
158 6 1 1 2 1 0 0 0 0
162 12 0 0 10 0 0 0 0 0
fl=/usr/src/debug/glibc-2.28-225.el8_8.6.x86_64/elf/dl-sort-maps.c
fn=_dl_sort_maps
187 6 1 1 2 0 0 2 0 0
188 34 2 1 0 0 0 0 0 0
189 30 0 0 20 0 0 0 0 0
216 34 4 2 2 0 0 4 0 0
221 6 0 0 0 0 0 2 0 0
223 2 0 0 0 0 0 2 0 0
224 14 0 0 0 0 0 0 0 0
226 24 0 0 0 0 0 0 0 0
228 40 2 1 10 0 0 10 0 0
231 22 0 0 10 0 0 0 0 0
249 4 0 0 2 0 0 0 0 0
269 8 2 1 2 0 0 2 0 0
282 14 1 1 4 0 0 0 0 0
289 2 1 1 0 0 0 0 0 0
313 26 2 1 0 0 0 14 0 0
321 6 0 0 2 1 0 0 0 0
325 16 0 0 14 0 0 0 0 0
fn=_dl_sort_maps_init
304 2 1 1 0 0 0 0 0 0
305 4 0 0 0 0 0 1 0 0
306 1 0 0 0 0 0 1 1 1
307 3 0 0 1 0 0 0 0 0
308 2 0 0 1 0 0 0 0 0
fn=dfs_traversal
142 70 0 0 0 0 0 40 0 0
145 30 1 1 10 0 0 0 0 0
148 30 0 0 0 0 0 10 0 0
150 30 1 1 10 3 0 0 0 0
152 96 0 0 24 3 0 0 0 0
155 34 0 0 17 0 0 0 0 0
161 35 0 0 5 0 0 0 0 0
176 30 0 0 10 0 0 10 0 0
177 10 1 1 0 0 0 10 0 0
178 60 0 0 50 0 0 0 0 0
fl=/usr/src/debug/glibc-2.28-225.el8_8.6.x86_64/elf/dl-tunables.c
fn=__GI___tunables_init
69 495 0 0 99 0 0 0 0 0
72 98 0 0 0 0 0 0 0 0
75 9856 1 1 1422 54 54 0 0 0
79 196 0 0 0 0 0 0 0 0
84 294 0 0 0 0 0 98 1 1
280 4 0 0 1 0 0 0 0 0
289 9 2 2 0 0 0 6 0 0
297 196 1 1 0 0 0 0 0 0
312 11858 1 1 0 0 0 0 0 0
318 14700 0 0 5880 0 0 0 0 0
330 392 1 1 98 0 0 0 0 0
364 8 1 1 7 0 0 0 0 0
fn=__tunable_get_val
412 14 1 1 0 0 0 0 0 0
415 154 1 1 14 1 0 0 0 0
419 40 0 0 10 0 0 10 0 0
424 2 1 1 1 0 0 1 0 0
425 1 0 0 0 0 0 0 0 0
434 6 0 0 3 0 0 3 0 0
435 3 0 0 0 0 0 0 0 0
441 70 0 0 14 0 0 0 0 0
443 14 0 0 14 0 0 0 0 0
fl=/usr/src/debug/glibc-2.28-225.el8_8.6.x86_64/elf/dl-tunables.h
fn=__GI___tunables_init
124 4143 0 0 1925 8 8 0 0 0
125 4253 0 0 0 0 0 0 0 0
fl=/usr/src/debug/glibc-2.28-225.el8_8.6.x86_64/elf/dl-version.c
fn=_dl_check_all_versions
362 6 1 1 0 0 0 4 0 0
364 2 0 0 0 0 0 0 0 0
366 20 0 0 5 0 0 0 0 0
368 50 1 1 5 0 0 5 0 0
371 7 0 0 5 0 0 0 0 0
fn=_dl_check_map_versions
37 56 0 0 8 0 0 0 0 0
38 14 0 0 14 0 0 0 0 0
39 90 1 1 0 0 0 18 0 0
57 14 0 0 14 0 0 0 0 0
65 21 0 0 7 0 0 0 0 0
71 21 0 0 7 1 0 0 0 0
87 7 0 0 7 1 0 0 0 0
88 14 0 0 0 0 0 0 0 0
90 7 1 1 7 0 0 0 0 0
95 145 0 0 55 11 10 7 0 0
109 110 0 0 55 6 6 0 0 0
111 7 1 1 7 0 0 0 0 0
114 60 0 0 18 0 0 7 0 0
121 144 0 0 48 4 4 0 0 0
125 48 0 0 0 0 0 0 0 0
143 20 0 0 0 0 0 12 0 0
156 40 1 1 0 0 0 30 0 0
157 5 0 0 0 0 0 5 0 0
165 5 1 1 0 0 0 0 0 0
171 15 0 0 5 1 0 0 0 0
173 15 0 0 5 0 0 10 0 0
175 10 1 1 5 0 0 5 0 0
176 20 0 0 5 0 0 10 0 0
178 10 0 0 0 0 0 0 0 0
181 9 0 0 6 0 0 3 0 0
185 15 0 0 3 2 2 0 0 0
199 1 0 0 0 0 0 0 0 0
201 12 1 1 12 0 0 0 0 0
209 12 0 0 4 0 0 0 0 0
210 3 1 1 0 0 0 0 0 0
214 12 0 0 8 1 1 0 0 0
218 68 1 1 51 0 0 7 0 0
220 7 0 0 7 0 0 0 0 0
222 17 1 1 7 1 1 7 0 0
225 28 1 1 7 0 0 0 0 0
228 21 0 0 7 0 0 0 0 0
233 3 0 0 0 0 0 0 0 0
237 16 1 1 8 0 0 0 0 0
242 2 0 0 0 0 0 1 0 0
251 17 1 1 5 0 0 0 0 0
254 12 0 0 9 0 0 0 0 0
257 184 0 0 46 4 4 0 0 0
260 138 0 0 46 2 2 0 0 0
264 43 0 0 0 0 0 0 0 0
268 8 0 0 0 0 0 0 0 0
273 4 0 0 0 0 0 4 1 0
274 8 0 0 0 0 0 0 0 0
275 8 0 0 0 0 0 0 0 0
285 4 0 0 0 0 0 4 0 0
288 12 0 0 8 1 0 4 0 0
290 12 1 1 4 0 0 0 0 0
293 9 0 0 9 0 0 0 0 0
295 1 0 0 0 0 0 0 0 0
297 12 0 0 4 0 0 0 0 0
300 21 0 0 7 0 0 0 0 0
302 21 0 0 0 0 0 0 0 0
304 35 1 1 7 0 0 7 0 0
305 21 0 0 0 0 0 7 4 4
306 21 0 0 7 0 0 7 1 1
307 21 0 0 7 0 0 7 0 0
310 21 0 0 7 0 0 0 0 0
315 3 0 0 0 0 0 0 0 0
318 12 0 0 4 0 0 0 0 0
323 1 0 0 0 0 0 0 0 0
328 12 1 1 4 0 0 0 0 0
331 12 0 0 9 0 0 0 0 0
335 43 0 0 43 0 0 0 0 0
337 92 1 1 46 0 0 0 0 0
341 43 0 0 43 0 0 0 0 0
342 215 0 0 43 0 0 43 12 12
343 129 0 0 43 0 0 43 0 0
344 43 0 0 0 0 0 43 5 5
347 141 0 0 46 0 0 0 0 0
351 43 0 0 0 0 0 0 0 0
357 45 1 1 40 0 0 0 0 0
fl=/usr/src/debug/glibc-2.28-225.el8_8.6.x86_64/elf/do-rel.h
fn=_dl_relocate_object
48 10 0 0 0 0 0 0 0 0
49 20 0 0 0 0 0 10 0 0
50 10 0 0 10 1 0 0 0 0
52 6 0 0 0 0 0 4 0 0
53 7 0 0 0 0 0 5 1 0
60 20 0 0 0 0 0 0 0 0
63 28 1 1 2 0 0 0 0 0
65 16 1 1 4 1 1 0 0 0
76 4 0 0 0 0 0 0 0 0
77 4 0 0 0 0 0 0 0 0
85 16 0 0 8 0 0 8 0 0
86 8 1 1 8 0 0 0 0 0
88 32 1 1 16 0 0 0 0 0
100 24 0 0 0 0 0 0 0 0
110 14 0 0 1 1 0 0 0 0
113 3672 1 1 0 0 0 0 0 0
114 2438 0 0 1219 154 153 0 0 0
120 24 0 0 8 5 0 0 0 0
123 14 1 1 7 3 0 7 1 0
126 614 1 1 207 0 0 0 0 0
128 1000 0 0 600 107 102 0 0 0
129 800 1 1 200 0 0 200 0 0
130 600 0 0 400 1 0 200 0 0
131 800 0 0 200 1 0 0 0 0
133 600 0 0 0 0 0 0 0 0
135 264 1 1 66 0 0 66 0 0
138 132 0 0 0 0 0 66 0 0
142 134 0 0 0 0 0 134 0 0
145 268 0 0 0 0 0 0 0 0
146 84 1 1 28 1 0 0 0 0
158 20 0 0 8 0 0 0 0 0
159 252 0 0 3 0 0 0 0 0
160 237 1 1 79 0 0 0 0 0
163 198 0 0 132 0 0 0 0 0
164 198 1 1 66 0 0 66 0 0
165 66 0 0 0 0 0 0 0 0
166 66 0 0 66 0 0 0 0 0
167 132 0 0 66 0 0 0 0 0
175 27 2 2 9 0 0 2 0 0
177 42 0 0 12 2 2 6 0 0
178 12 0 0 12 0 0 0 0 0
180 18 1 1 0 0 0 0 0 0
188 6 0 0 0 0 0 6 0 0
191 12 0 0 0 0 0 0 0 0
205 2 0 0 0 0 0 0 0 0
fn=_dl_start
85 1 0 0 1 0 0 0 0 0
86 1 0 0 1 0 0 0 0 0
113 147 0 0 0 0 0 0 0 0
114 96 0 0 48 7 7 0 0 0
118 2 1 1 1 0 0 0 0 0
126 21 1 1 0 0 0 0 0 0
128 18 0 0 6 1 1 0 0 0
129 12 0 0 0 0 0 0 0 0
130 12 0 0 6 0 0 0 0 0
fl=/usr/src/debug/glibc-2.28-225.el8_8.6.x86_64/elf/get-dynamic-info.h
fn=_dl_map_object_from_fd
42 3 0 0 0 0 0 0 0 0
46 3 0 0 0 0 0 0 0 0
48 237 0 0 79 23 23 0 0 0
50 152 0 0 0 0 0 0 0 0
63 79 1 1 0 0 0 0 0 0
64 127 0 0 0 0 0 73 18 18
65 12 0 0 0 0 0 0 0 0
67 3 0 0 0 0 0 0 0 0
68 15 0 0 0 0 0 0 0 0
70 3 1 1 0 0 0 0 0 0
71 12 1 1 0 0 0 0 0 0
72 3 0 0 0 0 0 0 0 0
73 12 1 1 0 0 0 3 0 0
74 76 0 0 0 0 0 0 0 0
81 6 2 2 0 0 0 0 0 0
101 11 0 0 5 0 0 0 0 0
102 12 0 0 6 0 0 0 0 0
103 12 0 0 6 0 0 0 0 0
104 12 0 0 6 0 0 0 0 0
106 12 1 1 6 0 0 0 0 0
111 12 0 0 6 0 0 0 0 0
112 11 0 0 5 1 1 0 0 0
113 12 0 0 6 0 0 0 0 0
118 9 0 0 3 0 0 0 0 0
123 6 1 1 3 0 0 0 0 0
130 6 0 0 3 0 0 0 0 0
131 9 0 0 6 0 0 0 0 0
149 9 0 0 3 0 0 0 0 0
154 4 0 0 2 0 0 2 0 0
156 4 0 0 0 0 0 0 0 0
158 4 0 0 0 0 0 0 0 0
160 4 0 0 0 0 0 0 0 0
161 2 0 0 0 0 0 2 0 0
163 9 1 1 3 0 0 0 0 0
165 9 0 0 3 0 0 3 1 1
166 6 0 0 0 0 0 0 0 0
175 9 1 1 6 0 0 0 0 0
176 9 2 1 0 0 0 0 0 0
180 6 0 0 0 0 0 0 0 0
181 4 0 0 2 0 0 2 0 0
183 6 0 0 3 0 0 0 0 0
fn=_dl_start
48 63 1 1 21 6 6 0 0 0
50 40 1 1 0 0 0 0 0 0
63 25 0 0 0 0 0 0 0 0
64 34 0 0 0 0 0 19 5 5
65 4 0 0 0 0 0 0 0 0
67 2 0 0 0 0 0 0 0 0
68 5 1 1 0 0 0 0 0 0
70 3 0 0 0 0 0 0 0 0
71 5 1 1 0 0 0 0 0 0
72 1 0 0 0 0 0 0 0 0
73 5 1 1 0 0 0 1 1 1
74 20 0 0 0 0 0 0 0 0
81 2 1 1 0 0 0 0 0 0
101 4 0 0 2 0 0 0 0 0
102 4 0 0 2 0 0 0 0 0
103 4 0 0 2 0 0 0 0 0
104 4 1 1 2 0 0 0 0 0
106 4 0 0 2 0 0 0 0 0
111 4 0 0 2 0 0 0 0 0
112 4 0 0 2 0 0 0 0 0
113 4 1 1 2 0 0 0 0 0
118 3 0 0 1 0 0 0 0 0
123 2 0 0 1 0 0 0 0 0
130 3 0 0 1 0 0 0 0 0
131 3 0 0 2 0 0 0 0 0
139 5 1 1 2 0 0 0 0 0
142 3 0 0 1 1 1 0 0 0
146 2 0 0 1 0 0 0 0 0
147 2 1 1 1 0 0 0 0 0
fn=dl_main
33 1 0 0 1 0 0 0 0 0
42 2 0 0 0 0 0 0 0 0
46 1 0 0 0 0 0 0 0 0
48 75 0 0 25 7 7 0 0 0
50 48 1 1 0 0 0 0 0 0
63 17 0 0 0 0 0 0 0 0
64 34 0 0 0 0 0 23 5 5
65 4 0 0 0 0 0 0 0 0
67 1 0 0 0 0 0 0 0 0
68 5 2 2 0 0 0 0 0 0
70 1 0 0 0 0 0 0 0 0
71 5 0 0 0 0 0 0 0 0
72 1 0 0 0 0 0 0 0 0
73 4 0 0 0 0 0 1 0 0
74 24 0 0 0 0 0 0 0 0
81 3 1 1 1 0 0 0 0 0
118 3 2 2 1 0 0 0 0 0
123 2 0 0 1 0 0 0 0 0
130 2 0 0 1 0 0 0 0 0
131 3 0 0 2 0 0 0 0 0
149 3 0 0 1 0 0 0 0 0
163 3 1 1 1 1 1 0 0 0
183 2 1 1 1 0 0 0 0 0
fl=/usr/src/debug/glibc-2.28-225.el8_8.6.x86_64/elf/rtld.c
fn=_dl_start
71 8 1 1 0 0 0 2 1 1
471 2 0 0 0 0 0 1 0 0
472 2 0 0 0 0 0 1 0 0
473 2 0 0 0 0 0 1 1 1
474 2 1 1 0 0 0 1 0 0
475 2 0 0 0 0 0 1 0 0
484 1 0 0 0 0 0 1 0 0
490 4 1 0 0 0 0 1 0 0
492 2 0 0 1 0 0 0 0 0
504 10 1 1 0 0 0 6 1 1
545 1 0 0 0 0 0 1 1 1
548 1 0 0 0 0 0 1 1 1
559 2 0 0 0 0 0 0 0 0
564 25 2 2 9 0 0 0 0 0
566 1 0 0 1 1 1 0 0 0
579 1 0 0 0 0 0 1 1 1
594 9 0 0 7 2 0 0 0 0
fn=dl_main
71 16 2 2 0 0 0 0 0 0
78 13 0 0 0 0 0 0 0 0
79 2 0 0 0 0 0 1 0 0
87 7 1 1 3 0 0 0 0 0
192 1 0 0 0 0 0 1 0 0
193 1 0 0 0 0 0 1 0 0
194 1 0 0 0 0 0 1 1 1
219 2 1 1 2 1 1 0 0 0
220 2 1 1 2 0 0 0 0 0
221 4 0 0 0 0 0 0 0 0
291 1 1 1 0 0 0 1 0 0
292 1 0 0 0 0 0 1 0 0
293 1 0 0 0 0 0 1 0 0
294 1 0 0 0 0 0 1 0 0
295 1 0 0 0 0 0 1 0 0
296 1 0 0 0 0 0 1 0 0
297 1 0 0 0 0 0 1 0 0
298 2 0 0 0 0 0 1 0 0
864 1 0 0 1 0 0 0 0 0
866 1 0 0 0 0 0 1 0 0
875 1 0 0 0 0 0 1 0 0
877 1 0 0 0 0 0 1 0 0
882 1 1 1 0 0 0 1 0 0
1191 14 3 3 0 0 0 8 1 1
1196 1 0 0 0 0 0 1 0 0
1199 1 0 0 0 0 0 1 0 0
1205 2 0 0 0 0 0 1 1 1
1209 2 0 0 0 0 0 1 1 1
1210 2 0 0 0 0 0 1 0 0
1215 2 1 1 0 0 0 1 1 1
1221 1 0 0 0 0 0 1 1 1
1223 4 0 0 2 0 0 1 0 0
1224 4 1 1 2 0 0 0 0 0
1491 8 1 1 0 0 0 1 0 0
1493 2 0 0 0 0 0 0 0 0
1494 1 0 0 0 0 0 1 1 1
1495 2 0 0 1 0 0 1 0 0
1496 3 0 0 2 0 0 1 0 0
1500 3 1 1 0 0 0 1 0 0
1501 2 0 0 1 0 0 0 0 0
1522 1 0 0 0 0 0 1 0 0
1523 1 0 0 0 0 0 1 0 0
1525 2 1 1 0 0 0 1 0 0
1527 1 0 0 1 0 0 0 0 0
1530 33 0 0 1 0 0 0 0 0
1531 74 3 3 9 4 4 0 0 0
1535 3 0 0 2 0 0 1 0 0
1536 1 0 0 0 0 0 0 0 0
1540 3 1 1 2 0 0 1 0 0
1541 1 0 0 0 0 0 0 0 0
1549 2 0 0 0 0 0 1 0 0
1550 2 0 0 2 1 1 0 0 0
1552 1 1 1 0 0 0 1 0 0
1559 3 1 1 1 0 0 0 0 0
1571 1 0 0 0 0 0 1 0 0
1577 2 0 0 0 0 0 1 0 0
1585 4 0 0 2 0 0 0 0 0
1586 11 1 1 5 1 1 1 0 0
1587 4 0 0 2 0 0 0 0 0
1588 1 0 0 0 0 0 1 0 0
1591 4 0 0 2 1 1 0 0 0
1592 4 0 0 2 0 0 0 0 0
1593 2 0 0 0 0 0 2 0 0
1594 6 0 0 3 0 0 0 0 0
1595 2 0 0 0 0 0 1 0 0
1622 2 1 1 1 0 0 1 0 0
1626 2 0 0 1 0 0 1 1 1
1627 2 0 0 1 0 0 1 0 0
1628 1 0 0 0 0 0 0 0 0
1639 5 0 0 3 1 1 0 0 0
1642 2 0 0 0 0 0 0 0 0
1644 2 1 1 0 0 0 0 0 0
1646 2 0 0 1 0 0 0 0 0
1659 3 0 0 1 0 0 0 0 0
1660 6 0 0 2 0 0 1 0 0
1662 3 1 1 3 0 0 0 0 0
1665 1 0 0 0 0 0 1 0 0
1667 1 0 0 0 0 0 1 0 0
1668 1 0 0 0 0 0 1 0 0
1670 2 0 0 1 0 0 0 0 0
1671 2 1 1 0 0 0 1 0 0
1675 2 0 0 1 0 0 0 0 0
1677 2 0 0 1 0 0 0 0 0
1685 3 0 0 1 0 0 0 0 0
1692 2 1 1 0 0 0 1 0 0
1695 2 0 0 1 0 0 0 0 0
1711 4 2 2 0 0 0 1 0 0
1717 9 1 1 1 0 0 2 0 0
1725 4 0 0 1 0 0 2 0 0
1727 1 0 0 0 0 0 1 0 0
1732 2 0 0 1 0 0 0 0 0
1735 4 1 1 2 0 0 1 0 0
1736 4 0 0 1 0 0 1 0 0
1737 2 0 0 0 0 0 1 0 0
1738 1 0 0 0 0 0 1 0 0
1739 1 1 1 1 0 0 0 0 0
1740 1 0 0 1 0 0 0 0 0
1745 2 0 0 1 0 0 0 0 0
1746 5 1 1 1 0 0 1 0 0
1763 2 0 0 1 1 1 0 0 0
1764 2 0 0 1 0 0 0 0 0
1766 2 0 0 1 0 0 0 0 0
1768 1 0 0 0 0 0 1 0 0
1769 3 1 1 1 0 0 1 0 0
1774 5 0 0 0 0 0 0 0 0
1775 5 0 0 1 1 1 0 0 0
1777 2 1 1 1 0 0 1 1 1
1778 2 0 0 1 0 0 1 0 0
1783 2 0 0 1 1 1 0 0 0
1792 2 0 0 1 0 0 0 0 0
1796 2 0 0 0 0 0 0 0 0
1797 2 0 0 1 0 0 0 0 0
1821 2 1 1 0 0 0 2 0 0
1829 3 0 0 1 0 0 0 0 0
1832 2 0 0 1 0 0 1 0 0
1836 3 1 1 1 0 0 0 0 0
1841 2 0 0 1 0 0 1 0 0
1842 1 0 0 0 0 0 1 0 0
1843 1 0 0 0 0 0 0 0 0
1847 3 0 0 0 0 0 1 0 0
1852 3 1 1 2 0 0 0 0 0
1854 1 0 0 0 0 0 0 0 0
1856 2 0 0 1 0 0 0 0 0
1860 5 1 1 1 0 0 1 0 0
1865 2 0 0 1 0 0 0 0 0
1881 5 0 0 0 0 0 1 0 0
1957 4 1 1 2 0 0 0 0 0
1961 19 2 2 1 0 0 0 0 0
1962 2 0 0 0 0 0 0 0 0
1965 3 0 0 0 0 0 1 0 0
1966 1 0 0 1 0 0 0 0 0
1967 2 0 0 0 0 0 0 0 0
1968 2 1 1 0 0 0 0 0 0
1973 3 0 0 1 0 0 0 0 0
1983 8 0 0 1 0 0 1 0 0
1989 18 2 2 1 0 0 0 0 0
1990 18 0 0 11 0 0 0 0 0
1993 4 0 0 3 0 0 1 0 0
1994 3 0 0 1 0 0 0 0 0
1995 1 0 0 0 0 0 1 0 0
1997 13 1 1 0 0 0 0 0 0
1998 18 0 0 5 0 0 0 0 0
2008 2 1 1 0 0 0 1 0 0
2010 2 0 0 1 0 0 1 0 0
2011 2 0 0 0 0 0 0 0 0
2013 2 1 1 0 0 0 1 0 0
2015 3 0 0 0 0 0 0 0 0
2017 3 0 0 1 0 0 0 0 0
2018 1 0 0 1 0 0 0 0 0
2019 2 0 0 0 0 0 0 0 0
2031 2 0 0 0 0 0 0 0 0
2032 2 0 0 0 0 0 1 0 0
2033 3 0 0 1 0 0 0 0 0
2036 2 1 1 1 0 0 0 0 0
2044 4 1 1 0 0 0 1 0 0
2045 4 0 0 0 0 0 1 0 0
2046 5 0 0 0 0 0 1 0 0
2056 2 0 0 1 0 0 1 1 0
2057 2 1 1 1 0 0 0 0 0
2058 4 1 1 0 0 0 2 0 0
2060 2 0 0 0 0 0 0 0 0
2065 3 0 0 1 0 0 0 0 0
2295 3 0 0 1 0 0 0 0 0
2351 1 1 1 0 0 0 1 0 0
2355 2 0 0 1 0 0 1 0 0
2359 2 0 0 1 0 0 1 0 0
2362 2 0 0 0 0 0 0 0 0
2370 1 0 0 1 0 0 0 0 0
2420 3 0 0 1 0 0 0 0 0
2423 1 0 0 1 0 0 0 0 0
2427 1 0 0 1 0 0 0 0 0
2428 19 0 0 0 0 0 0 0 0
2430 15 0 0 10 2 0 0 0 0
2435 10 0 0 10 3 0 0 0 0
2437 12 1 1 0 0 0 0 0 0
2439 1 1 1 0 0 0 1 0 0
2440 1 0 0 1 0 0 0 0 0
2443 5 0 0 5 0 0 0 0 0
2445 15 0 0 0 0 0 0 0 0
2446 32 0 0 8 3 0 4 0 0
2450 12 1 1 6 1 0 0 0 0
2451 3 0 0 0 0 0 1 0 0
2459 2 1 1 1 0 0 0 0 0
2464 4 0 0 2 2 0 0 0 0
2466 1 0 0 1 0 0 0 0 0
2473 4 0 0 1 1 0 1 0 0
2476 2 1 1 1 0 0 0 0 0
2485 3 0 0 2 1 0 0 0 0
2487 4 1 1 1 0 0 0 0 0
2499 2 0 0 0 0 0 1 0 0
2505 1 0 0 1 0 0 0 0 0
2506 5 0 0 1 0 0 1 0 0
2514 3 0 0 1 1 0 1 0 0
2521 1 0 0 0 0 0 1 0 0
2525 3 0 0 0 0 0 1 0 0
2530 4 0 0 0 0 0 1 0 0
2531 1 0 0 0 0 0 1 0 0
2532 1 0 0 0 0 0 1 0 0
2533 1 0 0 0 0 0 0 0 0
2537 1 0 0 0 0 0 1 0 0
2542 8 0 0 7 1 0 0 0 0
2675 2 0 0 1 0 0 1 1 1
2677 1 0 0 0 0 0 0 0 0
2683 8 0 0 1 0 0 2 1 1
2685 8 1 1 2 0 0 2 1 1
2687 1 0 0 0 0 0 0 0 0
2689 41 0 0 8 0 0 0 0 0
2690 7 0 0 0 0 0 0 0 0
2692 2 0 0 0 0 0 0 0 0
2698 8 1 1 1 1 1 1 0 0
2710 3 0 0 0 0 0 1 0 0
2719 2 1 1 1 0 0 0 0 0
2726 6 1 1 3 0 0 0 0 0
2728 2 0 0 0 0 0 1 0 0
2729 1 0 0 0 0 0 0 0 0
2845 3 0 0 1 0 0 0 0 0
2877 2 0 0 0 0 0 0 0 0
fn=do_preload
815 6 2 2 0 0 0 3 0 0
817 1 0 0 0 0 0 1 0 0
821 1 0 0 0 0 0 1 0 0
822 1 0 0 0 0 0 1 0 0
823 1 0 0 0 0 0 1 0 0
825 1 0 0 1 0 0 0 0 0
827 6 0 0 0 0 0 1 0 0
828 3 1 1 1 0 0 0 0 0
836 3 0 0 1 0 0 0 0 0
842 5 0 0 4 0 0 0 0 0
fn=dso_name_valid_for_suid
177 4 1 1 0 0 0 2 0 0
178 3 0 0 1 0 0 0 0 0
186 2 0 0 1 0 0 0 0 0
187 5 0 0 3 0 0 0 0 0
fn=handle_preload_list
896 15 1 1 1 1 1 6 0 0
897 1 1 1 0 0 0 0 0 0
901 4 0 0 2 0 0 0 0 0
904 4 0 0 0 0 0 1 0 0
905 3 0 0 0 0 0 0 0 0
907 4 0 0 0 0 0 1 0 0
908 2 0 0 0 0 0 1 0 0
914 1 0 0 0 0 0 0 0 0
916 2 1 1 1 0 0 0 0 0
918 4 0 0 0 0 0 1 0 0
919 5 0 0 0 0 0 1 0 0
922 9 0 0 7 0 0 0 0 0
fn=init_tls
743 3 1 1 0 0 0 2 0 0
745 2 0 0 1 0 0 1 0 0
749 3 1 1 1 1 0 0 0 0
755 2 0 0 0 0 0 1 0 0
758 1 0 0 0 0 0 1 0 0
759 2 0 0 0 0 0 0 0 0
764 1 0 0 0 0 0 0 0 0
766 1 0 0 0 0 0 1 0 0
770 2 0 0 1 1 1 0 0 0
771 3 0 0 0 0 0 0 0 0
772 13 1 1 1 0 0 0 0 0
773 5 0 0 5 0 0 0 0 0
774 15 0 0 5 1 0 0 0 0
778 2 0 0 0 0 0 1 1 1
780 3 0 0 0 0 0 0 0 0
782 2 1 1 1 0 0 0 0 0
785 2 0 0 0 0 0 1 0 0
788 1 0 0 0 0 0 1 0 0
795 2 0 0 0 0 0 1 0 0
796 2 0 0 0 0 0 0 0 0
802 2 0 0 1 0 0 1 0 0
805 7 1 1 0 0 0 2 0 0
808 1 0 0 0 0 0 1 0 0
811 5 0 0 3 0 0 0 0 0
fn=map_doit
650 3 1 1 0 0 0 1 0 0
652 4 0 0 1 0 0 0 0 0
653 6 0 0 2 0 0 2 1 1
655 2 0 0 2 0 0 0 0 0
fn=rtld_lock_default_lock_recursive
848 6 3 1 0 0 0 0 0 0
849 6 0 0 6 2 2 0 0 0
850 6 0 0 6 0 0 0 0 0
fn=rtld_lock_default_unlock_recursive
854 6 0 0 0 0 0 0 0 0
855 6 0 0 6 0 0 0 0 0
856 6 0 0 6 0 0 0 0 0
fn=version_check_doit
683 3 1 1 0 0 0 1 0 0
685 6 0 0 2 0 0 1 0 0
689 2 1 1 2 0 0 0 0 0
fl=/usr/src/debug/glibc-2.28-225.el8_8.6.x86_64/elf/setup-vdso.h
fn=dl_main
24 2 1 1 1 0 0 0 0 0
fl=/usr/src/debug/glibc-2.28-225.el8_8.6.x86_64/io/../sysdeps/unix/sysv/linux/access.c
fn=access
25 1 0 0 0 0 0 0 0 0
27 7 0 0 0 0 0 1 0 0
31 1 0 0 1 0 0 0 0 0
fl=/usr/src/debug/glibc-2.28-225.el8_8.6.x86_64/io/../sysdeps/unix/sysv/linux/close_nocancel.c
fn=__GI___close_nocancel
25 4 1 1 0 0 0 0 0 0
26 16 0 0 0 0 0 0 0 0
27 4 0 0 4 0 0 0 0 0
fl=/usr/src/debug/glibc-2.28-225.el8_8.6.x86_64/io/../sysdeps/unix/sysv/linux/lseek64.c
fn=lseek
28 3 1 1 0 0 0 0 0 0
36 12 1 1 0 0 0 0 0 0
38 3 0 0 3 0 0 0 0 0
fl=/usr/src/debug/glibc-2.28-225.el8_8.6.x86_64/io/../sysdeps/unix/sysv/linux/open64_nocancel.c
fn=__open_nocancel
34 8 1 1 0 0 0 4 1 1
37 28 0 0 0 0 0 0 0 0
45 28 1 1 0 0 0 0 0 0
47 4 0 0 4 0 0 0 0 0
fl=/usr/src/debug/glibc-2.28-225.el8_8.6.x86_64/io/../sysdeps/unix/sysv/linux/read_nocancel.c
fn=__read_nocancel
25 6 1 1 0 0 0 0 0 0
26 24 0 0 0 0 0 0 0 0
27 6 0 0 6 0 0 0 0 0
fl=/usr/src/debug/glibc-2.28-225.el8_8.6.x86_64/io/../sysdeps/unix/sysv/linux/wordsize-64/fxstat.c
fn=_fxstat
33 8 1 1 0 0 0 0 0 0
34 8 0 0 0 0 0 0 0 0
35 24 0 0 0 0 0 0 0 0
39 4 0 0 4 0 0 0 0 0
fl=/usr/src/debug/glibc-2.28-225.el8_8.6.x86_64/malloc/scratch_buffer_set_array_size.c
fn=__libc_scratch_buffer_set_array_size
30 15 1 1 0 0 0 9 0 0
31 6 1 1 0 0 0 0 0 0
34 6 0 0 0 0 0 0 0 0
35 6 0 0 0 0 0 0 0 0
45 6 0 0 3 0 0 0 0 0
46 3 0 0 0 0 0 0 0 0
63 12 1 1 12 0 0 0 0 0
fl=/usr/src/debug/glibc-2.28-225.el8_8.6.x86_64/misc/../sysdeps/unix/syscall-template.S
fn=mprotect
78 40 1 1 0 0 0 0 0 0
79 8 0 0 8 0 0 0 0 0
fn=munmap
78 5 0 0 0 0 0 0 0 0
79 1 0 0 1 0 0 0 0 0
fl=/usr/src/debug/glibc-2.28-225.el8_8.6.x86_64/misc/../sysdeps/unix/sysv/linux/mmap64.c
fn=mmap
41 130 3 2 0 0 0 60 1 1
44 20 0 0 0 0 0 0 0 0
47 46 1 1 3 0 0 0 0 0
52 100 0 0 0 0 0 0 0 0
54 70 0 0 70 0 0 0 0 0
fl=/usr/src/debug/glibc-2.28-225.el8_8.6.x86_64/posix/../sysdeps/unix/syscall-template.S
fn=uname
78 5 1 1 0 0 0 0 0 0
79 1 0 0 1 0 0 0 0 0
fl=/usr/src/debug/glibc-2.28-225.el8_8.6.x86_64/setjmp/../sysdeps/x86_64/setjmp.S
fn=__sigsetjmp
30 6 1 1 0 0 0 0 0 0
32 6 0 0 0 0 0 6 0 0
41 6 0 0 0 0 0 0 0 0
42 12 0 0 6 0 0 0 0 0
43 6 0 0 0 0 0 6 0 0
47 6 0 0 0 0 0 6 1 1
48 6 1 1 0 0 0 6 0 0
49 6 0 0 0 0 0 6 0 0
50 6 0 0 0 0 0 6 0 0
51 6 0 0 0 0 0 0 0 0
53 12 0 0 6 0 0 0 0 0
55 6 0 0 0 0 0 6 1 1
56 6 0 0 6 0 0 0 0 0
57 6 0 0 0 0 0 0 0 0
59 12 0 0 6 0 0 0 0 0
61 6 0 0 0 0 0 6 0 0
69 6 0 0 0 0 0 0 0 0
72 6 0 0 0 0 0 0 0 0
73 6 0 0 0 0 0 6 1 1
80 6 0 0 0 0 0 0 0 0
81 6 0 0 6 0 0 0 0 0
fl=/usr/src/debug/glibc-2.28-225.el8_8.6.x86_64/string/../include/rtld-malloc.h
fn=strdup
56 9 1 1 3 0 0 3 0 0
fl=/usr/src/debug/glibc-2.28-225.el8_8.6.x86_64/string/../sysdeps/x86_64/multiarch/../strchr.S
fn=index
23 18 3 1 0 0 0 0 0 0
24 18 0 0 0 0 0 0 0 0
25 18 0 0 0 0 0 0 0 0
26 18 0 0 0 0 0 0 0 0
27 18 1 1 0 0 0 0 0 0
28 18 0 0 0 0 0 0 0 0
29 18 0 0 0 0 0 0 0 0
30 18 0 0 0 0 0 0 0 0
31 18 0 0 0 0 0 0 0 0
32 18 0 0 18 3 3 0 0 0
33 18 0 0 0 0 0 0 0 0
34 18 0 0 0 0 0 0 0 0
35 18 0 0 0 0 0 0 0 0
36 18 0 0 0 0 0 0 0 0
37 18 0 0 0 0 0 0 0 0
38 18 0 0 0 0 0 0 0 0
39 18 0 0 0 0 0 0 0 0
40 18 0 0 0 0 0 0 0 0
41 15 0 0 0 0 0 0 0 0
45 15 0 0 0 0 0 0 0 0
46 15 1 1 0 0 0 0 0 0
47 15 0 0 15 0 0 0 0 0
48 15 0 0 0 0 0 0 0 0
50 15 0 0 15 0 0 0 0 0
54 3 0 0 3 0 0 0 0 0
55 3 0 0 0 0 0 0 0 0
56 3 0 0 0 0 0 0 0 0
57 3 0 0 0 0 0 0 0 0
58 3 0 0 0 0 0 0 0 0
59 3 0 0 0 0 0 0 0 0
60 3 0 0 3 0 0 0 0 0
61 3 0 0 0 0 0 0 0 0
62 3 0 0 0 0 0 0 0 0
63 3 0 0 0 0 0 0 0 0
64 3 0 0 0 0 0 0 0 0
65 3 1 1 0 0 0 0 0 0
66 3 0 0 0 0 0 0 0 0
67 3 0 0 3 1 1 0 0 0
68 3 0 0 0 0 0 0 0 0
69 3 0 0 0 0 0 0 0 0
70 3 0 0 0 0 0 0 0 0
71 3 0 0 0 0 0 0 0 0
72 3 0 0 0 0 0 0 0 0
73 3 0 0 0 0 0 0 0 0
74 3 0 0 0 0 0 0 0 0
75 3 0 0 0 0 0 0 0 0
76 3 0 0 0 0 0 0 0 0
77 3 0 0 0 0 0 0 0 0
129 3 1 1 0 0 0 0 0 0
133 3 0 0 0 0 0 0 0 0
134 3 0 0 0 0 0 0 0 0
135 3 0 0 3 0 0 0 0 0
136 3 0 0 0 0 0 0 0 0
138 3 0 0 3 0 0 0 0 0
fl=/usr/src/debug/glibc-2.28-225.el8_8.6.x86_64/string/../sysdeps/x86_64/multiarch/../strlen.S
fn=strlen
41 18 1 1 0 0 0 0 0 0
79 18 0 0 0 0 0 0 0 0
80 18 0 0 0 0 0 0 0 0
81 18 0 0 0 0 0 0 0 0
82 18 0 0 0 0 0 0 0 0
83 18 0 0 0 0 0 0 0 0
84 18 0 0 0 0 0 0 0 0
85 18 1 1 0 0 0 0 0 0
87 18 0 0 0 0 0 0 0 0
89 18 0 0 0 0 0 0 0 0
120 17 0 0 17 2 2 0 0 0
121 17 0 0 0 0 0 0 0 0
122 17 0 0 0 0 0 0 0 0
123 17 0 0 0 0 0 0 0 0
124 17 0 0 0 0 0 0 0 0
125 8 0 0 0 0 0 0 0 0
127 8 0 0 8 0 0 0 0 0
131 9 0 0 0 0 0 0 0 0
132 9 0 0 9 0 0 0 0 0
133 9 0 0 9 0 0 0 0 0
134 9 0 0 9 0 0 0 0 0
135 9 0 0 0 0 0 0 0 0
136 9 0 0 0 0 0 0 0 0
137 9 0 0 0 0 0 0 0 0
138 9 0 0 0 0 0 0 0 0
139 9 0 0 0 0 0 0 0 0
140 9 0 0 0 0 0 0 0 0
141 9 0 0 0 0 0 0 0 0
142 9 0 0 0 0 0 0 0 0
147 72 0 0 9 0 0 0 0 0
151 1 1 1 0 0 0 0 0 0
152 14 1 1 4 1 1 0 0 0
153 8 1 1 1 0 0 0 0 0
fl=/usr/src/debug/glibc-2.28-225.el8_8.6.x86_64/string/../sysdeps/x86_64/multiarch/memmove-vec-unaligned-erms.S
fn=memcpy
116 19 1 1 0 0 0 0 0 0
117 19 0 0 0 0 0 0 0 0
119 29 0 0 0 0 0 0 0 0
120 29 0 0 0 0 0 0 0 0
121 18 0 0 0 0 0 0 0 0
122 18 0 0 0 0 0 0 0 0
127 11 0 0 11 1 0 0 0 0
128 11 0 0 11 0 0 0 0 0
129 11 0 0 0 0 0 11 4 4
130 11 0 0 0 0 0 11 1 1
135 11 0 0 11 0 0 0 0 0
258 11 0 0 0 0 0 0 0 0
259 11 0 0 0 0 0 0 0 0
260 6 0 0 0 0 0 0 0 0
261 6 0 0 0 0 0 0 0 0
262 3 1 1 0 0 0 0 0 0
263 3 0 0 0 0 0 0 0 0
264 1 0 0 0 0 0 0 0 0
265 1 0 0 1 1 1 0 0 0
266 1 0 0 0 0 0 1 1 1
268 1 0 0 1 0 0 0 0 0
290 5 0 0 5 0 0 0 0 0
291 5 0 0 5 0 0 0 0 0
292 5 0 0 0 0 0 5 2 2
293 5 0 0 0 0 0 5 0 0
294 5 0 0 5 0 0 0 0 0
297 3 0 0 3 0 0 0 0 0
298 3 0 0 3 0 0 0 0 0
299 3 0 0 0 0 0 3 1 1
300 3 0 0 0 0 0 3 0 0
301 3 0 0 3 0 0 0 0 0
304 2 0 0 2 1 1 0 0 0
305 2 0 0 2 0 0 0 0 0
306 2 0 0 0 0 0 2 0 0
307 2 0 0 0 0 0 2 0 0
308 2 0 0 2 0 0 0 0 0
318 7 1 1 0 0 0 0 0 0
319 7 0 0 0 0 0 0 0 0
320 7 0 0 0 0 0 0 0 0
321 7 0 0 0 0 0 0 0 0
343 7 1 1 7 0 0 0 0 0
344 7 0 0 7 0 0 0 0 0
345 7 0 0 7 0 0 0 0 0
346 7 0 0 7 0 0 0 0 0
347 7 0 0 0 0 0 7 2 2
348 7 0 0 0 0 0 7 0 0
349 7 0 0 0 0 0 7 2 2
350 7 0 0 0 0 0 7 0 0
352 7 0 0 7 0 0 0 0 0
fn=mempcpy
103 10 0 0 0 0 0 0 0 0
104 10 0 0 0 0 0 0 0 0
105 10 0 0 0 0 0 0 0 0
106 10 0 0 0 0 0 0 0 0
fl=/usr/src/debug/glibc-2.28-225.el8_8.6.x86_64/string/../sysdeps/x86_64/multiarch/memset-vec-unaligned-erms.S
fn=memset
98 4 2 1 0 0 0 0 0 0
99 20 0 0 0 0 0 0 0 0
101 4 0 0 0 0 0 0 0 0
102 4 0 0 0 0 0 0 0 0
103 2 0 0 0 0 0 0 0 0
104 2 0 0 0 0 0 0 0 0
170 2 0 0 0 0 0 0 0 0
171 2 0 0 0 0 0 0 0 0
181 2 2 1 0 0 0 0 0 0
182 2 0 0 0 0 0 2 2 2
183 2 0 0 0 0 0 0 0 0
184 2 0 0 0 0 0 2 2 2
185 2 0 0 0 0 0 2 1 1
186 2 0 0 0 0 0 2 0 0
187 2 0 0 0 0 0 2 0 0
188 2 0 0 0 0 0 2 0 0
189 2 0 0 0 0 0 2 0 0
190 2 1 0 0 0 0 2 0 0
191 2 0 0 0 0 0 0 0 0
192 2 0 0 0 0 0 0 0 0
193 2 0 0 0 0 0 0 0 0
194 2 0 0 0 0 0 0 0 0
196 34 0 0 0 0 0 34 30 30
197 34 0 0 0 0 0 34 0 0
198 34 0 0 0 0 0 34 0 0
199 34 0 0 0 0 0 34 0 0
200 34 0 0 0 0 0 0 0 0
201 34 0 0 0 0 0 0 0 0
202 34 0 0 0 0 0 0 0 0
203 2 0 0 2 0 0 0 0 0
218 2 1 1 0 0 0 0 0 0
219 2 0 0 0 0 0 0 0 0
220 2 0 0 0 0 0 0 0 0
248 2 1 1 0 0 0 2 2 2
249 2 0 0 0 0 0 2 0 0
251 2 0 0 2 0 0 0 0 0
fl=/usr/src/debug/glibc-2.28-225.el8_8.6.x86_64/string/../sysdeps/x86_64/strcmp.S
fn=strcmp
111 251 1 1 0 0 0 0 0 0
144 251 0 0 0 0 0 0 0 0
145 251 0 0 0 0 0 0 0 0
147 251 0 0 0 0 0 0 0 0
148 251 0 0 0 0 0 0 0 0
169 251 0 0 0 0 0 0 0 0
170 251 0 0 0 0 0 0 0 0
171 204 0 0 0 0 0 0 0 0
172 204 0 0 0 0 0 0 0 0
173 183 0 0 183 16 12 0 0 0
174 183 0 0 183 3 1 0 0 0
175 183 0 0 183 0 0 0 0 0
176 183 0 0 183 0 0 0 0 0
197 183 0 0 0 0 0 0 0 0
198 183 0 0 0 0 0 0 0 0
199 183 0 0 0 0 0 0 0 0
200 183 0 0 0 0 0 0 0 0
201 183 0 0 0 0 0 0 0 0
202 183 0 0 0 0 0 0 0 0
203 183 0 0 0 0 0 0 0 0
208 10 0 0 0 0 0 0 0 0
209 30 0 0 0 0 0 0 0 0
218 78 1 1 0 0 0 0 0 0
219 78 0 0 0 0 0 0 0 0
220 78 0 0 0 0 0 0 0 0
221 78 0 0 0 0 0 0 0 0
222 78 0 0 0 0 0 0 0 0
223 78 0 0 0 0 0 0 0 0
224 78 0 0 0 0 0 0 0 0
225 78 0 0 0 0 0 0 0 0
226 70 0 0 0 0 0 0 0 0
227 30 0 0 0 0 0 0 0 0
228 30 0 0 0 0 0 0 0 0
229 30 0 0 0 0 0 0 0 0
231 70 0 0 0 0 0 0 0 0
232 70 0 0 0 0 0 0 0 0
233 70 0 0 0 0 0 0 0 0
234 70 0 0 70 6 2 0 0 0
235 70 0 0 0 0 0 0 0 0
236 70 0 0 0 0 0 0 0 0
246 8 1 1 8 1 1 0 0 0
247 8 0 0 0 0 0 0 0 0
248 8 0 0 0 0 0 0 0 0
250 8 0 0 8 2 2 0 0 0
256 8 0 0 0 0 0 0 0 0
257 8 0 0 0 0 0 0 0 0
258 8 0 0 0 0 0 0 0 0
259 8 0 0 0 0 0 0 0 0
260 8 1 1 0 0 0 0 0 0
265 8 0 0 0 0 0 0 0 0
267 1 0 0 0 0 0 0 0 0
268 1 0 0 0 0 0 0 0 0
269 2 0 0 0 0 0 0 0 0
277 1 0 0 1 0 0 0 0 0
278 1 0 0 1 0 0 0 0 0
281 1 0 0 0 0 0 0 0 0
282 1 0 0 0 0 0 0 0 0
283 1 0 0 0 0 0 0 0 0
284 1 0 0 0 0 0 0 0 0
285 1 0 0 0 0 0 0 0 0
286 1 1 1 0 0 0 0 0 0
696 1 1 1 0 0 0 0 0 0
697 1 0 0 1 0 0 0 0 0
698 1 0 0 1 0 0 0 0 0
699 1 0 0 0 0 0 0 0 0
700 1 0 0 0 0 0 0 0 0
702 1 0 0 0 0 0 0 0 0
703 1 0 0 0 0 0 0 0 0
704 1 0 0 0 0 0 0 0 0
705 1 0 0 0 0 0 0 0 0
706 1 0 0 0 0 0 0 0 0
707 1 0 0 0 0 0 0 0 0
708 1 0 0 0 0 0 0 0 0
946 3 1 1 0 0 0 0 0 0
947 3 0 0 3 1 1 0 0 0
948 3 0 0 3 1 1 0 0 0
949 3 0 0 0 0 0 0 0 0
950 3 0 0 0 0 0 0 0 0
952 3 0 0 0 0 0 0 0 0
953 3 0 0 0 0 0 0 0 0
954 3 0 0 0 0 0 0 0 0
955 3 0 0 0 0 0 0 0 0
956 3 0 0 0 0 0 0 0 0
957 3 0 0 0 0 0 0 0 0
958 3 0 0 0 0 0 0 0 0
959 2 0 0 2 0 0 0 0 0
963 2 0 0 0 0 0 0 0 0
964 2 0 0 0 0 0 0 0 0
965 2 1 1 0 0 0 0 0 0
971 2 0 0 0 0 0 0 0 0
972 2 0 0 0 0 0 0 0 0
973 4 0 0 0 0 0 0 0 0
977 2 0 0 0 0 0 0 0 0
978 2 0 0 0 0 0 0 0 0
981 2 0 0 2 0 0 0 0 0
982 2 0 0 2 1 1 0 0 0
983 2 0 0 0 0 0 0 0 0
986 2 0 0 0 0 0 0 0 0
987 2 1 1 0 0 0 0 0 0
988 2 0 0 0 0 0 0 0 0
994 2 0 0 0 0 0 0 0 0
995 2 0 0 0 0 0 0 0 0
996 2 0 0 0 0 0 0 0 0
997 2 0 0 0 0 0 0 0 0
998 2 0 0 0 0 0 0 0 0
999 2 0 0 0 0 0 0 0 0
1071 5 1 1 0 0 0 0 0 0
1072 5 0 0 5 2 1 0 0 0
1073 5 0 0 5 0 0 0 0 0
1074 5 0 0 0 0 0 0 0 0
1075 5 0 0 0 0 0 0 0 0
1077 5 0 0 0 0 0 0 0 0
1078 5 0 0 0 0 0 0 0 0
1079 5 0 0 0 0 0 0 0 0
1080 5 0 0 0 0 0 0 0 0
1081 5 0 0 0 0 0 0 0 0
1082 5 0 0 0 0 0 0 0 0
1083 5 0 0 0 0 0 0 0 0
1084 4 0 0 4 0 0 0 0 0
1088 4 0 0 0 0 0 0 0 0
1089 4 0 0 0 0 0 0 0 0
1090 4 1 1 0 0 0 0 0 0
1096 4 0 0 0 0 0 0 0 0
1097 4 0 0 0 0 0 0 0 0
1098 8 0 0 0 0 0 0 0 0
1102 4 0 0 0 0 0 0 0 0
1103 4 0 0 0 0 0 0 0 0
1106 4 0 0 4 0 0 0 0 0
1107 4 0 0 4 1 1 0 0 0
1108 4 0 0 0 0 0 0 0 0
1111 4 0 0 0 0 0 0 0 0
1112 4 1 1 0 0 0 0 0 0
1113 4 0 0 0 0 0 0 0 0
1119 4 0 0 0 0 0 0 0 0
1120 4 0 0 0 0 0 0 0 0
1121 4 0 0 0 0 0 0 0 0
1122 4 0 0 0 0 0 0 0 0
1123 4 0 0 0 0 0 0 0 0
1124 4 0 0 0 0 0 0 0 0
1196 6 2 1 0 0 0 0 0 0
1197 6 0 0 6 0 0 0 0 0
1198 6 0 0 6 0 0 0 0 0
1199 6 0 0 0 0 0 0 0 0
1200 6 0 0 0 0 0 0 0 0
1202 6 0 0 0 0 0 0 0 0
1203 6 0 0 0 0 0 0 0 0
1204 6 0 0 0 0 0 0 0 0
1205 6 0 0 0 0 0 0 0 0
1206 6 0 0 0 0 0 0 0 0
1207 6 0 0 0 0 0 0 0 0
1208 6 0 0 0 0 0 0 0 0
1209 1 0 0 1 0 0 0 0 0
1213 1 0 0 0 0 0 0 0 0
1214 1 0 0 0 0 0 0 0 0
1215 1 1 1 0 0 0 0 0 0
1221 1 0 0 0 0 0 0 0 0
1222 1 0 0 0 0 0 0 0 0
1223 2 0 0 0 0 0 0 0 0
1227 1 0 0 0 0 0 0 0 0
1228 1 0 0 0 0 0 0 0 0
1231 1 0 0 1 0 0 0 0 0
1232 1 0 0 1 0 0 0 0 0
1233 1 0 0 0 0 0 0 0 0
1236 1 0 0 0 0 0 0 0 0
1237 1 1 1 0 0 0 0 0 0
1238 1 0 0 0 0 0 0 0 0
1244 1 0 0 0 0 0 0 0 0
1245 1 0 0 0 0 0 0 0 0
1246 1 0 0 0 0 0 0 0 0
1247 1 0 0 0 0 0 0 0 0
1248 1 0 0 0 0 0 0 0 0
1249 1 0 0 0 0 0 0 0 0
1321 10 1 1 0 0 0 0 0 0
1322 10 0 0 10 2 1 0 0 0
1323 10 0 0 10 1 1 0 0 0
1324 10 0 0 0 0 0 0 0 0
1325 10 0 0 0 0 0 0 0 0
1327 10 0 0 0 0 0 0 0 0
1328 10 0 0 0 0 0 0 0 0
1329 10 0 0 0 0 0 0 0 0
1330 10 0 0 0 0 0 0 0 0
1331 10 0 0 0 0 0 0 0 0
1332 10 0 0 0 0 0 0 0 0
1333 10 0 0 0 0 0 0 0 0
1334 5 0 0 5 0 0 0 0 0
1338 5 0 0 0 0 0 0 0 0
1339 5 0 0 0 0 0 0 0 0
1340 5 1 1 0 0 0 0 0 0
1346 5 0 0 0 0 0 0 0 0
1347 5 0 0 0 0 0 0 0 0
1348 10 0 0 0 0 0 0 0 0
1352 5 0 0 0 0 0 0 0 0
1353 5 0 0 0 0 0 0 0 0
1356 5 0 0 5 0 0 0 0 0
1357 5 0 0 5 0 0 0 0 0
1358 5 0 0 0 0 0 0 0 0
1361 5 0 0 0 0 0 0 0 0
1362 5 1 1 0 0 0 0 0 0
1363 5 0 0 0 0 0 0 0 0
1369 5 0 0 0 0 0 0 0 0
1370 5 0 0 0 0 0 0 0 0
1371 5 0 0 0 0 0 0 0 0
1372 5 0 0 0 0 0 0 0 0
1373 5 0 0 0 0 0 0 0 0
1374 5 0 0 0 0 0 0 0 0
1381 3 0 0 0 0 0 0 0 0
1382 3 0 0 0 0 0 0 0 0
1384 3 0 0 0 0 0 0 0 0
1385 3 0 0 0 0 0 0 0 0
1387 3 0 0 3 0 0 0 0 0
1388 3 0 0 3 1 1 0 0 0
1389 3 0 0 0 0 0 0 0 0
1392 3 1 1 0 0 0 0 0 0
1393 3 0 0 0 0 0 0 0 0
1394 3 0 0 0 0 0 0 0 0
1400 3 0 0 0 0 0 0 0 0
1401 3 0 0 0 0 0 0 0 0
1402 3 0 0 0 0 0 0 0 0
1403 3 0 0 0 0 0 0 0 0
1404 3 0 0 0 0 0 0 0 0
1405 3 0 0 0 0 0 0 0 0
1446 4 1 1 0 0 0 0 0 0
1447 4 0 0 4 1 1 0 0 0
1448 4 0 0 4 0 0 0 0 0
1449 4 0 0 0 0 0 0 0 0
1450 4 0 0 0 0 0 0 0 0
1452 4 0 0 0 0 0 0 0 0
1453 4 0 0 0 0 0 0 0 0
1454 4 0 0 0 0 0 0 0 0
1455 4 0 0 0 0 0 0 0 0
1456 4 0 0 0 0 0 0 0 0
1457 4 0 0 0 0 0 0 0 0
1458 4 0 0 0 0 0 0 0 0
1459 1 0 0 1 0 0 0 0 0
1463 1 0 0 0 0 0 0 0 0
1464 1 0 0 0 0 0 0 0 0
1465 1 1 1 0 0 0 0 0 0
1471 1 0 0 0 0 0 0 0 0
1472 1 0 0 0 0 0 0 0 0
1473 2 0 0 0 0 0 0 0 0
1477 1 0 0 0 0 0 0 0 0
1478 1 0 0 0 0 0 0 0 0
1481 1 0 0 1 0 0 0 0 0
1482 1 0 0 1 1 1 0 0 0
1483 1 0 0 0 0 0 0 0 0
1486 1 0 0 0 0 0 0 0 0
1487 1 1 1 0 0 0 0 0 0
1488 1 0 0 0 0 0 0 0 0
1494 1 0 0 0 0 0 0 0 0
1495 1 0 0 0 0 0 0 0 0
1496 1 0 0 0 0 0 0 0 0
1497 1 0 0 0 0 0 0 0 0
1498 1 0 0 0 0 0 0 0 0
1499 1 0 0 0 0 0 0 0 0
1571 5 1 1 0 0 0 0 0 0
1572 5 0 0 5 0 0 0 0 0
1573 5 0 0 5 0 0 0 0 0
1574 5 0 0 0 0 0 0 0 0
1575 5 0 0 0 0 0 0 0 0
1577 5 0 0 0 0 0 0 0 0
1578 5 0 0 0 0 0 0 0 0
1579 5 0 0 0 0 0 0 0 0
1580 5 0 0 0 0 0 0 0 0
1581 5 0 0 0 0 0 0 0 0
1582 5 0 0 0 0 0 0 0 0
1583 5 0 0 0 0 0 0 0 0
1696 9 1 1 0 0 0 0 0 0
1697 9 0 0 9 1 1 0 0 0
1698 9 0 0 9 2 1 0 0 0
1699 9 0 0 0 0 0 0 0 0
1700 9 0 0 0 0 0 0 0 0
1702 9 0 0 0 0 0 0 0 0
1703 9 0 0 0 0 0 0 0 0
1704 9 0 0 0 0 0 0 0 0
1705 9 0 0 0 0 0 0 0 0
1706 9 0 0 0 0 0 0 0 0
1707 9 0 0 0 0 0 0 0 0
1708 9 0 0 0 0 0 0 0 0
1709 7 0 0 7 0 0 0 0 0
1713 7 0 0 0 0 0 0 0 0
1714 7 0 0 0 0 0 0 0 0
1715 7 1 1 0 0 0 0 0 0
1721 7 0 0 0 0 0 0 0 0
1722 7 0 0 0 0 0 0 0 0
1723 14 0 0 0 0 0 0 0 0
1727 7 0 0 0 0 0 0 0 0
1728 7 0 0 0 0 0 0 0 0
1731 7 0 0 7 0 0 0 0 0
1732 7 0 0 7 0 0 0 0 0
1733 7 0 0 0 0 0 0 0 0
1736 7 0 0 0 0 0 0 0 0
1737 7 1 1 0 0 0 0 0 0
1738 7 0 0 0 0 0 0 0 0
1744 7 0 0 0 0 0 0 0 0
1745 7 0 0 0 0 0 0 0 0
1746 7 0 0 0 0 0 0 0 0
1747 7 0 0 0 0 0 0 0 0
1748 7 0 0 0 0 0 0 0 0
1749 7 0 0 0 0 0 0 0 0
1821 7 1 1 0 0 0 0 0 0
1822 7 0 0 7 0 0 0 0 0
1823 7 0 0 7 1 0 0 0 0
1824 7 0 0 0 0 0 0 0 0
1825 7 0 0 0 0 0 0 0 0
1827 7 0 0 0 0 0 0 0 0
1828 7 0 0 0 0 0 0 0 0
1829 7 0 0 0 0 0 0 0 0
1830 7 0 0 0 0 0 0 0 0
1831 7 0 0 0 0 0 0 0 0
1832 7 0 0 0 0 0 0 0 0
1833 7 0 0 0 0 0 0 0 0
1834 4 0 0 4 0 0 0 0 0
1838 4 0 0 0 0 0 0 0 0
1839 4 0 0 0 0 0 0 0 0
1840 4 1 1 0 0 0 0 0 0
1846 4 0 0 0 0 0 0 0 0
1847 4 0 0 0 0 0 0 0 0
1848 8 0 0 0 0 0 0 0 0
1852 4 0 0 0 0 0 0 0 0
1853 4 0 0 0 0 0 0 0 0
1856 4 0 0 4 1 1 0 0 0
1857 4 0 0 4 0 0 0 0 0
1858 4 0 0 0 0 0 0 0 0
1861 4 0 0 0 0 0 0 0 0
1862 4 1 1 0 0 0 0 0 0
1863 4 0 0 0 0 0 0 0 0
1869 4 0 0 0 0 0 0 0 0
1870 4 0 0 0 0 0 0 0 0
1871 4 0 0 0 0 0 0 0 0
1872 4 0 0 0 0 0 0 0 0
1873 4 0 0 0 0 0 0 0 0
1874 4 0 0 0 0 0 0 0 0
1946 5 1 1 0 0 0 0 0 0
1947 5 0 0 5 0 0 0 0 0
1948 5 0 0 5 0 0 0 0 0
1949 5 0 0 0 0 0 0 0 0
1950 5 0 0 0 0 0 0 0 0
1952 5 0 0 0 0 0 0 0 0
1953 5 0 0 0 0 0 0 0 0
1954 5 0 0 0 0 0 0 0 0
1955 5 0 0 0 0 0 0 0 0
1956 5 0 0 0 0 0 0 0 0
1957 5 0 0 0 0 0 0 0 0
1958 5 0 0 0 0 0 0 0 0
1959 2 0 0 2 0 0 0 0 0
1963 2 0 0 0 0 0 0 0 0
1964 2 0 0 0 0 0 0 0 0
1965 2 1 1 0 0 0 0 0 0
1971 2 0 0 0 0 0 0 0 0
1972 2 0 0 0 0 0 0 0 0
1973 4 0 0 0 0 0 0 0 0
1977 2 0 0 0 0 0 0 0 0
1978 2 0 0 0 0 0 0 0 0
1981 2 0 0 2 0 0 0 0 0
1982 2 0 0 2 0 0 0 0 0
1983 2 0 0 0 0 0 0 0 0
1986 2 0 0 0 0 0 0 0 0
1987 2 1 1 0 0 0 0 0 0
1988 2 0 0 0 0 0 0 0 0
1994 2 0 0 0 0 0 0 0 0
1995 2 0 0 0 0 0 0 0 0
1996 2 0 0 0 0 0 0 0 0
1997 2 0 0 0 0 0 0 0 0
1998 2 0 0 0 0 0 0 0 0
1999 2 0 0 0 0 0 0 0 0
2071 15 1 1 0 0 0 0 0 0
2072 15 0 0 15 0 0 0 0 0
2073 15 0 0 15 1 1 0 0 0
2074 15 0 0 0 0 0 0 0 0
2075 15 0 0 0 0 0 0 0 0
2077 15 0 0 0 0 0 0 0 0
2078 15 0 0 0 0 0 0 0 0
2079 15 0 0 0 0 0 0 0 0
2080 15 0 0 0 0 0 0 0 0
2081 15 0 0 0 0 0 0 0 0
2082 15 0 0 0 0 0 0 0 0
2083 15 0 0 0 0 0 0 0 0
2085 6 0 0 6 0 0 0 0 0
2089 6 0 0 0 0 0 0 0 0
2090 6 0 0 0 0 0 0 0 0
2091 6 1 1 0 0 0 0 0 0
2097 6 0 0 0 0 0 0 0 0
2098 6 0 0 0 0 0 0 0 0
2100 12 0 0 0 0 0 0 0 0
2104 6 0 0 0 0 0 0 0 0
2105 6 0 0 0 0 0 0 0 0
2108 6 0 0 6 2 2 0 0 0
2109 6 0 0 6 1 1 0 0 0
2110 6 0 0 0 0 0 0 0 0
2113 6 0 0 0 0 0 0 0 0
2114 6 1 1 0 0 0 0 0 0
2115 6 0 0 0 0 0 0 0 0
2121 6 0 0 0 0 0 0 0 0
2122 6 0 0 0 0 0 0 0 0
2123 6 0 0 0 0 0 0 0 0
2124 6 0 0 0 0 0 0 0 0
2125 6 0 0 0 0 0 0 0 0
2126 6 0 0 0 0 0 0 0 0
2200 33 0 0 0 0 0 0 0 0
2202 78 1 1 0 0 0 0 0 0
2203 78 0 0 0 0 0 0 0 0
2204 78 0 0 0 0 0 0 0 0
2205 78 0 0 0 0 0 0 0 0
2206 60 0 0 0 0 0 0 0 0
2211 251 0 0 0 0 0 0 0 0
2217 251 0 0 251 0 0 0 0 0
2218 251 0 0 251 0 0 0 0 0
2226 251 0 0 0 0 0 0 0 0
2227 251 0 0 251 0 0 0 0 0
fl=/usr/src/debug/glibc-2.28-225.el8_8.6.x86_64/string/../sysdeps/x86_64/strcspn.S
fn=strcspn
28 1 1 1 0 0 0 0 0 0
30 1 0 0 0 0 0 0 0 0
37 1 0 0 0 0 0 0 0 0
38 1 0 0 0 0 0 0 0 0
40 1 0 0 0 0 0 0 0 0
41 1 0 0 0 0 0 0 0 0
42 1 0 0 0 0 0 0 0 0
43 1 0 0 0 0 0 0 0 0
44 33 0 0 0 0 0 32 4 4
47 3 0 0 0 0 0 0 0 0
54 1 1 1 1 1 1 0 0 0
55 1 0 0 0 0 0 0 0 0
56 1 0 0 0 0 0 0 0 0
57 1 0 0 0 0 0 1 0 0
59 1 0 0 1 0 0 0 0 0
60 1 0 0 0 0 0 0 0 0
61 1 0 0 0 0 0 0 0 0
62 1 0 0 0 0 0 1 0 0
64 1 0 0 1 0 0 0 0 0
65 1 0 0 0 0 0 0 0 0
66 1 0 0 0 0 0 0 0 0
75 3 0 0 0 0 0 0 0 0
87 13 1 1 0 0 0 0 0 0
89 13 0 0 13 0 0 0 0 0
90 13 0 0 13 0 0 0 0 0
91 13 0 0 0 0 0 0 0 0
93 13 0 0 13 0 0 0 0 0
94 13 0 0 13 0 0 0 0 0
95 13 0 0 0 0 0 0 0 0
97 13 0 0 13 0 0 0 0 0
98 13 0 0 13 0 0 0 0 0
99 13 0 0 0 0 0 0 0 0
101 13 0 0 13 0 0 0 0 0
102 13 0 0 13 0 0 0 0 0
103 13 0 0 0 0 0 0 0 0
105 1 0 0 0 0 0 0 0 0
106 1 0 0 0 0 0 0 0 0
107 1 0 0 0 0 0 0 0 0
109 1 0 0 0 0 0 0 0 0
116 1 0 0 0 0 0 0 0 0
120 1 0 0 1 0 0 0 0 0
fl=/usr/src/debug/glibc-2.28-225.el8_8.6.x86_64/string/strdup.c
fn=strdup
40 15 1 1 0 0 0 6 0 0
41 6 0 0 0 0 0 3 0 0
44 6 0 0 0 0 0 0 0 0
47 15 0 0 0 0 0 3 0 0
48 15 0 0 9 0 0 0 0 0
fl=???
fn=(below main)
0 70 7 7 19 3 0 18 0 0
fn=???
0 172 24 20 47 11 0 18 1 1
fn=_Exit
0 9 2 2 1 1 0 0 0 0
fn=_IO_cleanup
0 93 11 11 30 0 0 18 0 0
fn=_IO_flush_all_lockp
0 115 11 11 34 11 5 20 1 1
fn=__acos_finite
0 9 1 1 4 0 0 0 0 0
fn=__asin_finite
0 9 1 1 4 0 0 0 0 0
fn=__atan2_finite
0 13 2 2 4 0 0 0 0 0
fn=__call_tls_dtors
0 12 2 2 5 2 0 2 0 0
fn=__ctype_init
0 17 2 2 10 4 0 3 0 0
fn=__cxa_atexit
0 3 1 1 0 0 0 0 0 0
fn=__cxa_finalize
0 118 6 6 34 1 1 14 0 0
fn=__exp_finite
0 13 2 2 4 1 0 0 0 0
fn=__init_misc
0 25 2 2 7 0 0 5 1 0
fn=__internal_atexit
0 38 4 4 10 2 2 9 1 0
fn=__libc_csu_init
0 34 2 2 8 1 1 8 0 0
fn=__libc_early_init
0 2 0 0 0 0 0 0 0 0
fn=__log_finite
0 13 2 2 4 0 0 0 0 0
fn=__memset_sse2_unaligned
0 30 2 2 0 0 0 0 0 0
fn=__memset_sse2_unaligned_erms
0 344094 3 3 3 3 0 196620 49154 49052
fn=__new_exitfn
0 30 4 4 8 2 0 5 0 0
fn=__pow_finite
0 9 2 2 4 0 0 0 0 0
fn=__run_exit_handlers
0 105 10 10 25 7 0 15 0 0
fn=__sigjmp_save
0 9 2 2 2 0 0 2 0 0
fn=__sigsetjmp
0 22 2 2 5 1 0 8 0 0
fn=__strrchr_sse2
0 25 3 3 2 1 0 0 0 0
fn=__unregister_atfork
0 32 4 4 12 1 1 0 0 0
fn=__x86_cacheinfo
0 94 9 9 16 3 0 22 3 3
fn=_dl_vdso_vsym
0 64 2 2 24 2 0 4 0 0
fn=_init
0 108 6 6 17 5 0 16 4 4
fn=_setjmp
0 3 1 1 0 0 0 0 0 0
fn=bcmp
0 14 2 2 5 0 0 0 0 0
fn=ceil
0 7 1 1 3 0 0 0 0 0
fn=ceilf
0 7 0 0 3 0 0 0 0 0
fn=check_stdfiles_vtables
0 12 2 2 7 2 0 0 0 0
fn=cos
0 13 2 2 4 0 0 0 0 0
fn=cosf
0 6 2 2 3 0 0 0 0 0
fn=exit
0 8 1 1 1 0 0 2 0 0
fn=exp2f
0 6 1 1 3 0 0 0 0 0
fn=expf
0 6 2 2 3 0 0 0 0 0
fn=floor
0 7 2 2 3 0 0 0 0 0
fn=floorf
0 7 1 1 3 0 0 0 0 0
fn=get_common_cache_info
0 222 13 13 21 1 0 15 0 0
fn=gettimeofday
0 67 4 4 4 0 0 4 0 0
fn=handle_intel.constprop.1
0 213 5 5 40 1 0 49 0 0
fn=index
0 12 1 1 4 0 0 0 0 0
fn=intel_check_word.isra.0
0 1948 7 7 205 8 8 40 0 0
fn=log2f
0 6 1 1 3 0 0 0 0 0
fn=logf
0 6 2 2 3 0 0 0 0 0
fn=memchr
0 9 1 1 4 0 0 0 0 0
fn=memcpy@@GLIBC_2.14
0 22 4 4 5 0 0 0 0 0
fn=memmove
0 44 4 4 10 0 0 0 0 0
fn=mempcpy
0 22 4 4 5 0 0 0 0 0
fn=memrchr
0 9 1 1 4 0 0 0 0 0
fn=memset
0 40 1 1 8 0 0 0 0 0
fn=powf
0 6 2 2 3 0 0 0 0 0
fn=rawmemchr
0 9 2 2 4 0 0 0 0 0
fn=rindex
0 9 1 1 4 0 0 0 0 0
fn=rint
0 7 1 1 3 0 0 0 0 0
fn=rintf
0 7 2 2 3 0 0 0 0 0
fn=sin
0 13 2 2 4 0 0 0 0 0
fn=sincosf
0 6 1 1 3 0 0 0 0 0
fn=sinf
0 6 1 1 3 0 0 0 0 0
fn=stpcpy
0 14 2 2 4 0 0 0 0 0
fn=stpncpy
0 14 1 1 4 0 0 0 0 0
fn=strcasecmp
0 12 2 2 4 0 0 0 0 0
fn=strcasecmp_l
0 12 1 1 4 0 0 0 0 0
fn=strcat
0 14 2 2 4 0 0 0 0 0
fn=strchrnul
0 9 1 1 4 0 0 0 0 0
fn=strcmp
0 14 2 2 4 0 0 0 0 0
fn=strcpy
0 14 1 1 4 0 0 0 0 0
fn=strcspn
0 7 2 2 3 0 0 0 0 0
fn=strlen
0 9 1 1 4 0 0 0 0 0
fn=strncasecmp
0 12 2 2 4 0 0 0 0 0
fn=strncasecmp_l
0 12 1 1 4 0 0 0 0 0
fn=strncmp
0 14 2 2 5 0 0 0 0 0
fn=strncpy
0 14 2 2 4 0 0 0 0 0
fn=strnlen
0 18 1 1 8 0 0 0 0 0
fn=strpbrk
0 7 1 1 3 0 0 0 0 0
fn=strspn
0 7 2 2 3 0 0 0 0 0
fn=time
0 67 3 3 4 1 1 4 0 0
fn=trunc
0 7 1 1 3 0 0 0 0 0
fn=truncf
0 7 2 2 3 0 0 0 0 0
fn=wcschr
0 18 1 1 8 0 0 0 0 0
fn=wcscmp
0 9 2 2 4 0 0 0 0 0
fn=wcslen
0 9 2 2 4 0 0 0 0 0
fn=wcsnlen
0 12 2 2 5 0 0 0 0 0
fn=wmemchr
0 18 1 1 8 0 0 0 0 0
fn=wmemset
0 20 2 2 8 0 0 0 0 0
summary: 6567753 1019 986 2932594 525988 1348 475631 311919 49640
